000000000000000000000000000000000000000000000000000
000000000000000000000000000000000000000000000000000
000000000000000000000000000000000000000000000000000
000000000000000000000000000000000000000000000000000
000000000000000000000000000000000000000000000000000
000000000000000000000000000000000000000000000000000
000000000000000000000100000001000000000000000000000
000000000000000000001011000110100000000000000000000
000000000000000000011000000000110000000000000000000
000000000000000000000000101000000000000000000000000
000000000000000001000000000000000100000000000000000
000000000000000001000001000100000100000000000000000
000000000000000000111100000001111000000000000000000
000000000000000000000000000000000000000000000000000
000000000000000000000000000000000000000000000000000
000000000000000001100000000000001100000000000000000
000000000000000001101100000001101100000000000000000
000000000011000110111000000000111011000110000000000
000000000000100111000000000000000111001000000000000
000000001000100001000000000000000100001000100000000
000000011000100011000000000000000110001000110000000
000000100000100010000000000000000010001000001000000
000000010000000000000000000000000000000000010000000
000000010001000000000000000000000000000100010000000
000000000100000000000000010000000000000001000000000
000000000000000000000000101000000000000000000000000
000000000100000000000000010000000000000001000000000
000000010001000000000000000000000000000100010000000
000000010000000000000000000000000000000000010000000
000000100000100010000000000000000010001000001000000
000000011000100011000000000000000110001000110000000
000000001000100001000000000000000100001000100000000
000000000000100111000000000000000111001000000000000
000000000011000110111000000000111011000110000000000
000000000000000001101100000001101100000000000000000
000000000000000001100000000000001100000000000000000
000000000000000000000000000000000000000000000000000
000000000000000000000000000000000000000000000000000
000000000000000000111100000001111000000000000000000
000000000000000001000001000100000100000000000000000
000000000000000001000000000000000100000000000000000
000000000000000000000000101000000000000000000000000
000000000000000000011000000000110000000000000000000
000000000000000000001011000110100000000000000000000
000000000000000000000100000001000000000000000000000
000000000000000000000000000000000000000000000000000
000000000000000000000000000000000000000000000000000
000000000000000000000000000000000000000000000000000
000000000000000000000000000000000000000000000000000
000000000000000000000000000000000000000000000000000
000000000000000000000000000000000000000000000000000
