000000000000000000000000000000000000000000000000000
000000000000000000000000000000000000000000000000000
000000000000000000000000000000000000000000000000000
000000000000000000000000000000000000000000000000000
000000000000000000000000000000000000000000000000000
000000000000000000000000000000000000000000000000000
000000000000000000000000000000000000000000000000000
000000000000000000000000000000000000000000000000000
000000000000000000000000000000000000000000000000000
000000000000000000000000000000000000000000000000000
000000000000000000000000000000000000000000000000000
000000000000000000000000000000000000000000000000000
000000000000000000000000000000000000000000000000000
000000000000000011000001101100000110000000000000000
000000000000000110000000000000000011000000000000000
000000000000001011001011000110100110100000000000000
000000000000011101011100111001110101110000000000000
000000000000010110100000000000001011010000000000000
000000000000000001000000000000000100000000000000000
000000000000000010000000000000000010000000000000000
000000000000000110000000000000000011000000000000000
000000000000000010000000000000000010000000000000000
000000000000000100000000000000000001000000000000000
000000000000010100000000000000000001010000000000000
000000000000010010000000010000000010010000000000000
000000000000000010000000101000000010000000000000000
000000000000010010000000010000000010010000000000000
000000000000010100000000000000000001010000000000000
000000000000000100000000000000000001000000000000000
000000000000000010000000000000000010000000000000000
000000000000000110000000000000000011000000000000000
000000000000000010000000000000000010000000000000000
000000000000000001000000000000000100000000000000000
000000000000010110100000000000001011010000000000000
000000000000011101011100111001110101110000000000000
000000000000001011001011000110100110100000000000000
000000000000000110000000000000000011000000000000000
000000000000000011000001101100000110000000000000000
000000000000000000000000000000000000000000000000000
000000000000000000000000000000000000000000000000000
000000000000000000000000000000000000000000000000000
000000000000000000000000000000000000000000000000000
000000000000000000000000000000000000000000000000000
000000000000000000000000000000000000000000000000000
000000000000000000000000000000000000000000000000000
000000000000000000000000000000000000000000000000000
000000000000000000000000000000000000000000000000000
000000000000000000000000000000000000000000000000000
000000000000000000000000000000000000000000000000000
000000000000000000000000000000000000000000000000000
000000000000000000000000000000000000000000000000000
