000000000000000000000000000000000000000000000000000
000000000000000000000000000000000000000000000000000
000000000000000000000000000000000000000000000000000
000000000000000000000000000000000000000000000000000
000000000000000000000000000000000000000000000000000
000000000000000000000000000000000000000000000000000
000000000000000000000000000000000000000000000000000
000000000000000000000000000000000000000000000000000
000000000000000000000000000000000000000000000000000
000000000000000000000000000000000000000000000000000
000000000000000000000000000000000000000000000000000
000000000000000000000000000000000000000000000000000
000000000000000000000000000000000000000000000000000
000000000000000000000000000000000000000000000000000
000000000000000000001000000000100000000000000000000
000000000000000000111100000001111000000000000000000
000000000000000001000010000010000100000000000000000
000000000000000010001001000100100010000000000000000
000000000000000100101000000000101001000000000000000
000000000000000100000100010001000001000000000000000
000000000000001101101101111101101101100000000000000
000000000000000100011000000000110001000000000000000
000000000000000010000000111000000010000000000000000
000000000000000001001000111000100100000000000000000
000000000000000000001011010110100000000000000000000
000000000000000000011011101110110000000000000000000
000000000000000000001011010110100000000000000000000
000000000000000001001000111000100100000000000000000
000000000000000010000000111000000010000000000000000
000000000000000100011000000000110001000000000000000
000000000000001101101101111101101101100000000000000
000000000000000100000100010001000001000000000000000
000000000000000100101000000000101001000000000000000
000000000000000010001001000100100010000000000000000
000000000000000001000010000010000100000000000000000
000000000000000000111100000001111000000000000000000
000000000000000000001000000000100000000000000000000
000000000000000000000000000000000000000000000000000
000000000000000000000000000000000000000000000000000
000000000000000000000000000000000000000000000000000
000000000000000000000000000000000000000000000000000
000000000000000000000000000000000000000000000000000
000000000000000000000000000000000000000000000000000
000000000000000000000000000000000000000000000000000
000000000000000000000000000000000000000000000000000
000000000000000000000000000000000000000000000000000
000000000000000000000000000000000000000000000000000
000000000000000000000000000000000000000000000000000
000000000000000000000000000000000000000000000000000
000000000000000000000000000000000000000000000000000
000000000000000000000000000000000000000000000000000
