000000000000000000000000000000000000000000000000000
000000000000000000000000000000000000000000000000000
000000000000000000000000000000000000000000000000000
000000000000000000000000000000000000000000000000000
000000000000000000000000000000000000000000000000000
000000000000000000000000000000000000000000000000000
000000000000000000000000000000000000000000000000000
000000000000000000000000000000000000000000000000000
000000000000000000000000000000000000000000000000000
000000000000000000000000000000000000000000000000000
000000000000000000000000000000000000000000000000000
000000000000000000000000000000000000000000000000000
000000000000000000000000000000000000000000000000000
000000000000000000000000000000000000000000000000000
000000000000000000000000000000000000000000000000000
000000000000000000000100000001000000000000000000000
000000000000000000001100000001100000000000000000000
000000000000000000011100000001110000000000000000000
000000000000000000100000010000001000000000000000000
000000000000000001001000000000100100000000000000000
000000000000000011011110000011110110000000000000000
000000000000000111001000000000100111000000000000000
000000000000000000001011111110100000000000000000000
000000000000000000000010000010000000000000000000000
000000000000000000000010000010000000000000000000000
000000000000000000100010000010001000000000000000000
000000000000000000000010000010000000000000000000000
000000000000000000000010000010000000000000000000000
000000000000000000001011111110100000000000000000000
000000000000000111001000000000100111000000000000000
000000000000000011011110000011110110000000000000000
000000000000000001001000000000100100000000000000000
000000000000000000100000010000001000000000000000000
000000000000000000011100000001110000000000000000000
000000000000000000001100000001100000000000000000000
000000000000000000000100000001000000000000000000000
000000000000000000000000000000000000000000000000000
000000000000000000000000000000000000000000000000000
000000000000000000000000000000000000000000000000000
000000000000000000000000000000000000000000000000000
000000000000000000000000000000000000000000000000000
000000000000000000000000000000000000000000000000000
000000000000000000000000000000000000000000000000000
000000000000000000000000000000000000000000000000000
000000000000000000000000000000000000000000000000000
000000000000000000000000000000000000000000000000000
000000000000000000000000000000000000000000000000000
000000000000000000000000000000000000000000000000000
000000000000000000000000000000000000000000000000000
000000000000000000000000000000000000000000000000000
000000000000000000000000000000000000000000000000000
