000000000000000000000000000000000000000000000000000
000000000000000000000000000000000000000000000000000
000000000000000000000000000000000000000000000000000
000000000000000000000000000000000000000000000000000
000000000000000000000000000000000000000000000000000
000000000000000000000000000000000000000000000000000
000000000000000000000000000000000000000000000000000
000000000000000000000000000000000000000000000000000
000000000000000000000000000000000000000000000000000
000000000000000000000000000000000000000000000000000
000000000000000000000000000000000000000000000000000
000000000000000000000111000111000000000000000000000
000000000000000000000111000111000000000000000000000
000000000000000000001000101000100000000000000000000
000000000000000000001101101101100000000000000000000
000000000000000000000000000000000000000000000000000
000000000000000000000000000000000000000000000000000
000000000000000000000000000000000000000000000000000
000000000000000000000001101100000000000000000000000
000000000000000000001100101001100000000000000000000
000000000000011000010011000110010000110000000000000
000000000001101000010001000100010000101100000000000
000000000001100000001000000000100000001100000000000
000000000001101000101100000001101000101100000000000
000000000000011000110000010000011000110000000000000
000000000000000000000000101000000000000000000000000
000000000000011000110000010000011000110000000000000
000000000001101000101100000001101000101100000000000
000000000001100000001000000000100000001100000000000
000000000001101000010001000100010000101100000000000
000000000000011000010011000110010000110000000000000
000000000000000000001100101001100000000000000000000
000000000000000000000001101100000000000000000000000
000000000000000000000000000000000000000000000000000
000000000000000000000000000000000000000000000000000
000000000000000000000000000000000000000000000000000
000000000000000000001101101101100000000000000000000
000000000000000000001000101000100000000000000000000
000000000000000000000111000111000000000000000000000
000000000000000000000111000111000000000000000000000
000000000000000000000000000000000000000000000000000
000000000000000000000000000000000000000000000000000
000000000000000000000000000000000000000000000000000
000000000000000000000000000000000000000000000000000
000000000000000000000000000000000000000000000000000
000000000000000000000000000000000000000000000000000
000000000000000000000000000000000000000000000000000
000000000000000000000000000000000000000000000000000
000000000000000000000000000000000000000000000000000
000000000000000000000000000000000000000000000000000
000000000000000000000000000000000000000000000000000
