000000000000000000000000000000000000000000000000000
000000000000000000000000000000000000000000000000000
000000000000000000000000000000000000000000000000000
000000000000000000000000000000000000000000000000000
000000000000000000000000000000000000000000000000000
000000000000000000000000000000000000000000000000000
000000000000000000000000000000000000000000000000000
000000000000000000000000000000000000000000000000000
000000000000000000000000000000000000000000000000000
000000000000000000000000000000000000000000000000000
000000000000000000000000000000000000000000000000000
000000000000000000000000000000000000000000000000000
000000000000000000000000000000000000000000000000000
000000000000000000000000000000000000000000000000000
000000000000000000000000000000000000000000000000000
000000000000000001000110000011000100000000000000000
000000000000000011100011000110001110000000000000000
000000000000000110001110000011100011000000000000000
000000000000000010011011111110110010000000000000000
000000000000000000100001000100001000000000000000000
000000000000000001100000000000001100000000000000000
000000000000000101000001000100000101000000000000000
000000000000000111100000000000001111000000000000000
000000000000000010110100000001011010000000000000000
000000000000000000100000000000001000000000000000000
000000000000000000100000000000001000000000000000000
000000000000000000100000000000001000000000000000000
000000000000000010110100000001011010000000000000000
000000000000000111100000000000001111000000000000000
000000000000000101000001000100000101000000000000000
000000000000000001100000000000001100000000000000000
000000000000000000100001000100001000000000000000000
000000000000000010011011111110110010000000000000000
000000000000000110001110000011100011000000000000000
000000000000000011100011000110001110000000000000000
000000000000000001000110000011000100000000000000000
000000000000000000000000000000000000000000000000000
000000000000000000000000000000000000000000000000000
000000000000000000000000000000000000000000000000000
000000000000000000000000000000000000000000000000000
000000000000000000000000000000000000000000000000000
000000000000000000000000000000000000000000000000000
000000000000000000000000000000000000000000000000000
000000000000000000000000000000000000000000000000000
000000000000000000000000000000000000000000000000000
000000000000000000000000000000000000000000000000000
000000000000000000000000000000000000000000000000000
000000000000000000000000000000000000000000000000000
000000000000000000000000000000000000000000000000000
000000000000000000000000000000000000000000000000000
000000000000000000000000000000000000000000000000000
