000000000000000000000000000000000000000000000000000
000000000000000000000000000000000000000000000000000
000000000000000000000000000000000000000000000000000
000000000000000000000000000000000000000000000000000
000000000000000000000000000000000000000000000000000
000000000000000000000000000000000000000000000000000
000000000000000000000000000000000000000000000000000
000000000000000000000000000000000000000000000000000
000000000000000000000000000000000000000000000000000
000000000000000000000000000000000000000000000000000
000000000000000000000010000010000000000000000000000
000000000000000000000101000101000000000000000000000
000000000000000000001000101000100000000000000000000
000000000000000000001000101000100000000000000000000
000000000000000000001101101101100000000000000000000
000000000000000000000000000000000000000000000000000
000000000000000000000000000000000000000000000000000
000000000000000000000000000000000000000000000000000
000000000000000000000001101100000000000000000000000
000000000000000000001100101001100000000000000000000
000000000000111000010111101111010000111000000000000
000000000001001000011011000110110000100100000000000
000000000010000000001100000001100000000010000000000
000000000001001000101100000001101000100100000000000
000000000000111000111000010000111000111000000000000
000000000000000000000000101000000000000000000000000
000000000000111000111000010000111000111000000000000
000000000001001000101100000001101000100100000000000
000000000010000000001100000001100000000010000000000
000000000001001000011011000110110000100100000000000
000000000000111000010111101111010000111000000000000
000000000000000000001100101001100000000000000000000
000000000000000000000001101100000000000000000000000
000000000000000000000000000000000000000000000000000
000000000000000000000000000000000000000000000000000
000000000000000000000000000000000000000000000000000
000000000000000000001101101101100000000000000000000
000000000000000000001000101000100000000000000000000
000000000000000000001000101000100000000000000000000
000000000000000000000101000101000000000000000000000
000000000000000000000010000010000000000000000000000
000000000000000000000000000000000000000000000000000
000000000000000000000000000000000000000000000000000
000000000000000000000000000000000000000000000000000
000000000000000000000000000000000000000000000000000
000000000000000000000000000000000000000000000000000
000000000000000000000000000000000000000000000000000
000000000000000000000000000000000000000000000000000
000000000000000000000000000000000000000000000000000
000000000000000000000000000000000000000000000000000
000000000000000000000000000000000000000000000000000
