000000000000000000000000000000000000000000000000000
000000000000000000000000000000000000000000000000000
000000000000000000000000000000000000000000000000000
000000000000000000000000000000000000000000000000000
000000000000000000000000000000000000000000000000000
000000000000000000000000000000000000000000000000000
000000000000000000000000000000000000000000000000000
000000000000000000000000000000000000000000000000000
000000000000000000000110000011000000000000000000000
000000000000000000011001000100110000000000000000000
000000000000000000011010000010110000000000000000000
000000000000000011101100000001101110000000000000000
000000000000000101000000000000000101000000000000000
000000000000000100000000000000000001000000000000000
000000000000000110110000000000011011000000000000000
000000000000111001001000000000100100111000000000000
000000000001001001110000000000011100100100000000000
000000000001100110000000000000000011001100000000000
000000000001001010000000000000000010100100000000000
000000000110001010000000000000000010100011000000000
000000000111000100000000000000000001000111000000000
000000001001000000000000000000000000000100100000000
000000001010000000000000000000000000000010100000000
000000000100000000000000000000000000000001000000000
000000000000000000000000010000000000000000000000000
000000000000000000000000101000000000000000000000000
000000000000000000000000010000000000000000000000000
000000000100000000000000000000000000000001000000000
000000001010000000000000000000000000000010100000000
000000001001000000000000000000000000000100100000000
000000000111000100000000000000000001000111000000000
000000000110001010000000000000000010100011000000000
000000000001001010000000000000000010100100000000000
000000000001100110000000000000000011001100000000000
000000000001001001110000000000011100100100000000000
000000000000111001001000000000100100111000000000000
000000000000000110110000000000011011000000000000000
000000000000000100000000000000000001000000000000000
000000000000000101000000000000000101000000000000000
000000000000000011101100000001101110000000000000000
000000000000000000011010000010110000000000000000000
000000000000000000011001000100110000000000000000000
000000000000000000000110000011000000000000000000000
000000000000000000000000000000000000000000000000000
000000000000000000000000000000000000000000000000000
000000000000000000000000000000000000000000000000000
000000000000000000000000000000000000000000000000000
000000000000000000000000000000000000000000000000000
000000000000000000000000000000000000000000000000000
000000000000000000000000000000000000000000000000000
000000000000000000000000000000000000000000000000000
