000000000000000000000000000000000000000000000000000
000000000000000000000000000000000000000000000000000
000000000000000000000000000000000000000000000000000
000000000000000000000000000000000000000000000000000
000000000000000000001110000011100000000000000000000
000000000000000000010001000100010000000000000000000
000000000000000000100000101000001000000000000000000
000000000000000000100000101000001000000000000000000
000000000000000000000000101000000000000000000000000
000000000000000000100010000010001000000000000000000
000000000000000000010100000001010000000000000000000
000000000000000000010000000000010000000000000000000
000000000000000000000000000000000000000000000000000
000000000000000000000000000000000000000000000000000
000000000000000000000000000000000000000000000000000
000000000000000000000000000000000000000000000000000
000000000000000000011000000000110000000000000000000
000000000000000000001100000001100000000000000000000
000000110100000000000100000001000000000001011000000
000001000011000010000000000000000010000110000100000
000010000000000011000000000000000110000000000010000
000010000010000001100000000000001100000010000010000
000010000100000000000000000000000000000001000010000
000001000000000000000000000000000000000000000100000
000000111000000000000000010000000000000000111000000
000000000000000000000000101000000000000000000000000
000000111000000000000000010000000000000000111000000
000001000000000000000000000000000000000000000100000
000010000100000000000000000000000000000001000010000
000010000010000001100000000000001100000010000010000
000010000000000011000000000000000110000000000010000
000001000011000010000000000000000010000110000100000
000000110100000000000100000001000000000001011000000
000000000000000000001100000001100000000000000000000
000000000000000000011000000000110000000000000000000
000000000000000000000000000000000000000000000000000
000000000000000000000000000000000000000000000000000
000000000000000000000000000000000000000000000000000
000000000000000000000000000000000000000000000000000
000000000000000000010000000000010000000000000000000
000000000000000000010100000001010000000000000000000
000000000000000000100010000010001000000000000000000
000000000000000000000000101000000000000000000000000
000000000000000000100000101000001000000000000000000
000000000000000000100000101000001000000000000000000
000000000000000000010001000100010000000000000000000
000000000000000000001110000011100000000000000000000
000000000000000000000000000000000000000000000000000
000000000000000000000000000000000000000000000000000
000000000000000000000000000000000000000000000000000
000000000000000000000000000000000000000000000000000
