000000000000000000000000000000000000000000000000000
000000000000000000000000000000000000000000000000000
000000000000000000000000000000000000000000000000000
000000000000000000000000000000000000000000000000000
000000000000000000000000000000000000000000000000000
000000000000000000000000000000000000000000000000000
000000000000000000000000000000000000000000000000000
000000000000000000000000000000000000000000000000000
000000000000000000000010000010000000000000000000000
000000000000000000000110000011000000000000000000000
000000000000000000001110000011100000000000000000000
000000000000000000010000000000010000000000000000000
000000000000000000110000000000011000000000000000000
000000000000000001100000000000001100000000000000000
000000000000000000101000000000101000000000000000000
000000000000000000011000000000110000000000000000000
000000000000000000000000000000000000000000000000000
000000000000010000000000000000000000010000000000000
000000000000111000000000000000000000111000000000000
000000000001100100000000000000000001001100000000000
000000000010001100000000000000000001100010000000000
000000000110000000000000000000000000000011000000000
000000001110000000000000000000000000000011100000000
000000000000000000000000000000000000000000000000000
000000000000000000000000010000000000000000000000000
000000000000000000000000101000000000000000000000000
000000000000000000000000010000000000000000000000000
000000000000000000000000000000000000000000000000000
000000001110000000000000000000000000000011100000000
000000000110000000000000000000000000000011000000000
000000000010001100000000000000000001100010000000000
000000000001100100000000000000000001001100000000000
000000000000111000000000000000000000111000000000000
000000000000010000000000000000000000010000000000000
000000000000000000000000000000000000000000000000000
000000000000000000011000000000110000000000000000000
000000000000000000101000000000101000000000000000000
000000000000000001100000000000001100000000000000000
000000000000000000110000000000011000000000000000000
000000000000000000010000000000010000000000000000000
000000000000000000001110000011100000000000000000000
000000000000000000000110000011000000000000000000000
000000000000000000000010000010000000000000000000000
000000000000000000000000000000000000000000000000000
000000000000000000000000000000000000000000000000000
000000000000000000000000000000000000000000000000000
000000000000000000000000000000000000000000000000000
000000000000000000000000000000000000000000000000000
000000000000000000000000000000000000000000000000000
000000000000000000000000000000000000000000000000000
000000000000000000000000000000000000000000000000000
