000000000000000000000000000000000000000000000000000
000000000000000000000000000000000000000000000000000
000000000000000000000000000000000000000000000000000
000000000000000000000000000000000000000000000000000
000000000000000000000000000000000000000000000000000
000000000000000000000000000000000000000000000000000
000000000000000000000000000000000000000000000000000
000000000000000000000000000000000000000000000000000
000000000000000000001110000011100000000000000000000
000000000000000000010001000100010000000000000000000
000000000000000001000010000010000100000000000000000
000000000000000011101100000001101110000000000000000
000000000000000101100000000000001101000000000000000
000000000000001101100000000000001101100000000000000
000000000000010111110000000000011111010000000000000
000000000000111000001000000000100000111000000000000
000000000001001001110000000000011100100100000000000
000000000011111010100000000000001010111110000000000
000000000001111011000000000000000110111100000000000
000000000100001010000000000000000010100001000000000
000000001001000100000000000000000001000100100000000
000000001001000000000000000000000000000100100000000
000000001010000000000000000000000000000010100000000
000000000100000000000000000000000000000001000000000
000000000000000000000000010000000000000000000000000
000000000000000000000000101000000000000000000000000
000000000000000000000000010000000000000000000000000
000000000100000000000000000000000000000001000000000
000000001010000000000000000000000000000010100000000
000000001001000000000000000000000000000100100000000
000000001001000100000000000000000001000100100000000
000000000100001010000000000000000010100001000000000
000000000001111011000000000000000110111100000000000
000000000011111010100000000000001010111110000000000
000000000001001001110000000000011100100100000000000
000000000000111000001000000000100000111000000000000
000000000000010111110000000000011111010000000000000
000000000000001101100000000000001101100000000000000
000000000000000101100000000000001101000000000000000
000000000000000011101100000001101110000000000000000
000000000000000001000010000010000100000000000000000
000000000000000000010001000100010000000000000000000
000000000000000000001110000011100000000000000000000
000000000000000000000000000000000000000000000000000
000000000000000000000000000000000000000000000000000
000000000000000000000000000000000000000000000000000
000000000000000000000000000000000000000000000000000
000000000000000000000000000000000000000000000000000
000000000000000000000000000000000000000000000000000
000000000000000000000000000000000000000000000000000
000000000000000000000000000000000000000000000000000
