000000000000000000010001000100010000000000000000000
000000000000000000000001000100000000000000000000000
000000000000000000000011000110000000000000000000000
000000000000000000100001000100001000000000000000000
000000000000000000000101101101000000000000000000000
000000000000000000110101000101011000000000000000000
000000000000000000000000000000000000000000000000000
000000000000000000000000000000000000000000000000000
000000000000000000000000000000000000000000000000000
000000000000000000000000000000000000000000000000000
000000000000000000000000000000000000000000000000000
000000000000000000000000000000000000000000000000000
000000000000000000000000000000000000000000000000000
000000000000000000000000000000000000000000000000000
000000000000000000000000000000000000000000000000000
000000000000000000001000000000100000000000000000000
000000000000000000010100000001010000000000000000000
000000000000000000010010000010010000000000000000000
000101000000000000001100000001100000000000000101000
100001000000000011000000000000000110000000000100001
000000000000000100100000000000001001000000000000000
000011000000000010100000000000001010000000000110000
001000000000000001000000000000000100000000000000100
111111000000000000000000000000000000000000000111111
000010000000000000000000010000000000000000000010000
000000000000000000000000101000000000000000000000000
000010000000000000000000010000000000000000000010000
111111000000000000000000000000000000000000000111111
001000000000000001000000000000000100000000000000100
000011000000000010100000000000001010000000000110000
000000000000000100100000000000001001000000000000000
100001000000000011000000000000000110000000000100001
000101000000000000001100000001100000000000000101000
000000000000000000010010000010010000000000000000000
000000000000000000010100000001010000000000000000000
000000000000000000001000000000100000000000000000000
000000000000000000000000000000000000000000000000000
000000000000000000000000000000000000000000000000000
000000000000000000000000000000000000000000000000000
000000000000000000000000000000000000000000000000000
000000000000000000000000000000000000000000000000000
000000000000000000000000000000000000000000000000000
000000000000000000000000000000000000000000000000000
000000000000000000000000000000000000000000000000000
000000000000000000000000000000000000000000000000000
000000000000000000110101000101011000000000000000000
000000000000000000000101101101000000000000000000000
000000000000000000100001000100001000000000000000000
000000000000000000000011000110000000000000000000000
000000000000000000000001000100000000000000000000000
000000000000000000010001000100010000000000000000000
