000000000000000000000000000000000000000000000000000
000000000000000000000000000000000000000000000000000
000000000000000000000000000000000000000000000000000
000000000000000000000000000000000000000000000000000
000000000000000000000000000000000000000000000000000
000000000000000000000000000000000000000000000000000
000000000000000000000000000000000000000000000000000
000000000000000000000000000000000000000000000000000
000000000000000000000000000000000000000000000000000
000000000000000000000111000111000000000000000000000
000000000000000000001000000000100000000000000000000
000000000000000000010000000000010000000000000000000
000000000000000000100010101010001000000000000000000
000000000000000000100000000000001000000000000000000
000000000000000000101000000000101000000000000000000
000000000000000000011000000000110000000000000000000
000000000000000000000000000000000000000000000000000
000000000000000000000000000000000000000000000000000
000000000000111000000000000000000000111000000000000
000000000001000100000000000000000001000100000000000
000000000010001100000000000000000001100010000000000
000000000100000000000000000000000000000001000000000
000000000100100000000000000000000000001001000000000
000000000100000000000000000000000000000001000000000
000000000000100000000000010000000000001000000000000
000000000000000000000000101000000000000000000000000
000000000000100000000000010000000000001000000000000
000000000100000000000000000000000000000001000000000
000000000100100000000000000000000000001001000000000
000000000100000000000000000000000000000001000000000
000000000010001100000000000000000001100010000000000
000000000001000100000000000000000001000100000000000
000000000000111000000000000000000000111000000000000
000000000000000000000000000000000000000000000000000
000000000000000000000000000000000000000000000000000
000000000000000000011000000000110000000000000000000
000000000000000000101000000000101000000000000000000
000000000000000000100000000000001000000000000000000
000000000000000000100010101010001000000000000000000
000000000000000000010000000000010000000000000000000
000000000000000000001000000000100000000000000000000
000000000000000000000111000111000000000000000000000
000000000000000000000000000000000000000000000000000
000000000000000000000000000000000000000000000000000
000000000000000000000000000000000000000000000000000
000000000000000000000000000000000000000000000000000
000000000000000000000000000000000000000000000000000
000000000000000000000000000000000000000000000000000
000000000000000000000000000000000000000000000000000
000000000000000000000000000000000000000000000000000
000000000000000000000000000000000000000000000000000
