000000000000000000000000000000000000000000000000000
000000000000000000000000000000000000000000000000000
000000000000000000000000000000000000000000000000000
000000000000000000000000000000000000000000000000000
000000000000000000000000000000000000000000000000000
000000000000000000000000000000000000000000000000000
000000000000000000000000000000000000000000000000000
000000000000000000000000000000000000000000000000000
000000000000000000000000000000000000000000000000000
000000000000000000000000000000000000000000000000000
000000000000000000000000000000000000000000000000000
000000000000000000000000000000000000000000000000000
000000000000000000000010000010000000000000000000000
000000000000000000000111000111000000000000000000000
000000000000000011011101000101110110000000000000000
000000000000000000010001101100010000000000000000000
000000000000001001000000111000000100100000000000000
000000000000001010000000010000000010100000000000000
000000000000000000000000000000000000000000000000000
000000000000001100000000111000000001100000000000000
000000000000001000000000111000000000100000000000000
000000000000011000000000000000000000110000000000000
000000000000110000000000010000000000011000000000000
000000000000011100000000111000000001110000000000000
000000000000000110011001010100110011000000000000000
000000000000000011011011101110110110000000000000000
000000000000000110011001010100110011000000000000000
000000000000011100000000111000000001110000000000000
000000000000110000000000010000000000011000000000000
000000000000011000000000000000000000110000000000000
000000000000001000000000111000000000100000000000000
000000000000001100000000111000000001100000000000000
000000000000000000000000000000000000000000000000000
000000000000001010000000010000000010100000000000000
000000000000001001000000111000000100100000000000000
000000000000000000010001101100010000000000000000000
000000000000000011011101000101110110000000000000000
000000000000000000000111000111000000000000000000000
000000000000000000000010000010000000000000000000000
000000000000000000000000000000000000000000000000000
000000000000000000000000000000000000000000000000000
000000000000000000000000000000000000000000000000000
000000000000000000000000000000000000000000000000000
000000000000000000000000000000000000000000000000000
000000000000000000000000000000000000000000000000000
000000000000000000000000000000000000000000000000000
000000000000000000000000000000000000000000000000000
000000000000000000000000000000000000000000000000000
000000000000000000000000000000000000000000000000000
000000000000000000000000000000000000000000000000000
000000000000000000000000000000000000000000000000000
