000000000000000000000000000000000000000000000000000
000000000000000000000000000000000000000000000000000
000000000000000000000000000000000000000000000000000
000000000000000000000000000000000000000000000000000
000000000000000000000000000000000000000000000000000
000000000000000000000000000000000000000000000000000
000000000000000000000000000000000000000000000000000
000000000000000000000000000000000000000000000000000
000000000000000000000000000000000000000000000000000
000000000000000000000000000000000000000000000000000
000000000000000000000000000000000000000000000000000
000000000000000000000000000000000000000000000000000
000000000000000000000000000000000000000000000000000
000000000000000000000111000111000000000000000000000
000000000000000011001001000100100110000000000000000
000000000000000001110000000000011100000000000000000
000000000000001001000001101100000100100000000000000
000000000000001110000000010000000011100000000000000
000000000000000100000000010000000001000000000000000
000000000000000100000001111100000001000000000000000
000000000000001000000000000000000000100000000000000
000000000000010000000000000000000000010000000000000
000000000000010000000000000000000000010000000000000
000000000000011010010000111000010010110000000000000
000000000000000010010001000100010010000000000000000
000000000000000001110001000100011100000000000000000
000000000000000010010001000100010010000000000000000
000000000000011010010000111000010010110000000000000
000000000000010000000000000000000000010000000000000
000000000000010000000000000000000000010000000000000
000000000000001000000000000000000000100000000000000
000000000000000100000001111100000001000000000000000
000000000000000100000000010000000001000000000000000
000000000000001110000000010000000011100000000000000
000000000000001001000001101100000100100000000000000
000000000000000001110000000000011100000000000000000
000000000000000011001001000100100110000000000000000
000000000000000000000111000111000000000000000000000
000000000000000000000000000000000000000000000000000
000000000000000000000000000000000000000000000000000
000000000000000000000000000000000000000000000000000
000000000000000000000000000000000000000000000000000
000000000000000000000000000000000000000000000000000
000000000000000000000000000000000000000000000000000
000000000000000000000000000000000000000000000000000
000000000000000000000000000000000000000000000000000
000000000000000000000000000000000000000000000000000
000000000000000000000000000000000000000000000000000
000000000000000000000000000000000000000000000000000
000000000000000000000000000000000000000000000000000
000000000000000000000000000000000000000000000000000
