000000000000000000000000000000000000000000000000000
000000000000000000000000000000000000000000000000000
000000000000000000000000000000000000000000000000000
000000000000000000000000000000000000000000000000000
000000000000000000000000000000000000000000000000000
000000000000000000000000000000000000000000000000000
000000000000000000000000000000000000000000000000000
000000000000000000000000000000000000000000000000000
000000000000000000000000000000000000000000000000000
000000000000000000000000000000000000000000000000000
000000000000000000000000000000000000000000000000000
000000000000000000000000000000000000000000000000000
000000000000000000000000000000000000000000000000000
000000000000000000000000000000000000000000000000000
000000000000000011000111000111000110000000000000000
000000000000000010011100101001110010000000000000000
000000000000001100000001111100000001100000000000000
000000000000001000100001010100001000100000000000000
000000000000000001011100000001110100000000000000000
000000000000000100100010101010001001000000000000000
000000000000000100100000000000001001000000000000000
000000000000001100100000000000001001100000000000000
000000000000001000010000000000010000100000000000000
000000000000001011000000010000000110100000000000000
000000000000000110010000101000010011000000000000000
000000000000000011000001000100000110000000000000000
000000000000000110010000101000010011000000000000000
000000000000001011000000010000000110100000000000000
000000000000001000010000000000010000100000000000000
000000000000001100100000000000001001100000000000000
000000000000000100100000000000001001000000000000000
000000000000000100100010101010001001000000000000000
000000000000000001011100000001110100000000000000000
000000000000001000100001010100001000100000000000000
000000000000001100000001111100000001100000000000000
000000000000000010011100101001110010000000000000000
000000000000000011000111000111000110000000000000000
000000000000000000000000000000000000000000000000000
000000000000000000000000000000000000000000000000000
000000000000000000000000000000000000000000000000000
000000000000000000000000000000000000000000000000000
000000000000000000000000000000000000000000000000000
000000000000000000000000000000000000000000000000000
000000000000000000000000000000000000000000000000000
000000000000000000000000000000000000000000000000000
000000000000000000000000000000000000000000000000000
000000000000000000000000000000000000000000000000000
000000000000000000000000000000000000000000000000000
000000000000000000000000000000000000000000000000000
000000000000000000000000000000000000000000000000000
000000000000000000000000000000000000000000000000000
