000000000000000000000000000000000000000000000000000
000000000000000000000000000000000000000000000000000
000000000000000000000000000000000000000000000000000
000000000000000000000000000000000000000000000000000
000000000000000000000000000000000000000000000000000
000000000000000000000000000000000000000000000000000
000000000000000000000000000000000000000000000000000
000000000000000000000000000000000000000000000000000
000000000000000000000000000000000000000000000000000
000000000000000000000000000000000000000000000000000
000000000000000000000000000000000000000000000000000
000000000000000000000000000000000000000000000000000
000000000000000000000000000000000000000000000000000
000000000000000000000000000000000000000000000000000
000000000000000000000111000111000000000000000000000
000000000000000000000100101001000000000000000000000
000000000000000000000000000000000000000000000000000
000000000000000000000100101001000000000000000000000
000000000000000000000111000111000000000000000000000
000000000000000000000000000000000000000000000000000
000000000000000000000000000000000000000000000000000
000000000000001101100000000000001101100000000000000
000000000000001000100000000000001000100000000000000
000000000000001000100000000000001000100000000000000
000000000000000101000000010000000101000000000000000
000000000000000000000000101000000000000000000000000
000000000000000101000000010000000101000000000000000
000000000000001000100000000000001000100000000000000
000000000000001000100000000000001000100000000000000
000000000000001101100000000000001101100000000000000
000000000000000000000000000000000000000000000000000
000000000000000000000000000000000000000000000000000
000000000000000000000111000111000000000000000000000
000000000000000000000100101001000000000000000000000
000000000000000000000000000000000000000000000000000
000000000000000000000100101001000000000000000000000
000000000000000000000111000111000000000000000000000
000000000000000000000000000000000000000000000000000
000000000000000000000000000000000000000000000000000
000000000000000000000000000000000000000000000000000
000000000000000000000000000000000000000000000000000
000000000000000000000000000000000000000000000000000
000000000000000000000000000000000000000000000000000
000000000000000000000000000000000000000000000000000
000000000000000000000000000000000000000000000000000
000000000000000000000000000000000000000000000000000
000000000000000000000000000000000000000000000000000
000000000000000000000000000000000000000000000000000
000000000000000000000000000000000000000000000000000
000000000000000000000000000000000000000000000000000
000000000000000000000000000000000000000000000000000
