000000000000000000000000000000000000000000000000000
000000000000000000000000000000000000000000000000000
000000000000000000000000000000000000000000000000000
000000000000000000001110000011100000000000000000000
000000000000000000010001000100010000000000000000000
000000000000000000100000101000001000000000000000000
000000000000000000110100000001011000000000000000000
000000000000000000000010000010000000000000000000000
000000000000000000000001101100000000000000000000000
000000000000000000010000000000010000000000000000000
000000000000000000011000000000110000000000000000000
000000000000000000001000000000100000000000000000000
000000000000000000000000000000000000000000000000000
000000000000000000000000000000000000000000000000000
000000000000000000000000000000000000000000000000000
000000000000000000001000000000100000000000000000000
000000000000000000010100000001010000000000000000000
000000000000000000010010000010010000000000000000000
000001100000000000001100000001100000000000001100000
000010100110000011000000000000000110000011001010000
000100000011000100100000000000001001000110000001000
000100100000000010100000000000001010000000001001000
000100010000000001000000000000000100000000010001000
000010001000000000000000000000000000000000100010000
000001001000000000000000010000000000000000100100000
000000000000000000000000101000000000000000000000000
000001001000000000000000010000000000000000100100000
000010001000000000000000000000000000000000100010000
000100010000000001000000000000000100000000010001000
000100100000000010100000000000001010000000001001000
000100000011000100100000000000001001000110000001000
000010100110000011000000000000000110000011001010000
000001100000000000001100000001100000000000001100000
000000000000000000010010000010010000000000000000000
000000000000000000010100000001010000000000000000000
000000000000000000001000000000100000000000000000000
000000000000000000000000000000000000000000000000000
000000000000000000000000000000000000000000000000000
000000000000000000000000000000000000000000000000000
000000000000000000001000000000100000000000000000000
000000000000000000011000000000110000000000000000000
000000000000000000010000000000010000000000000000000
000000000000000000000001101100000000000000000000000
000000000000000000000010000010000000000000000000000
000000000000000000110100000001011000000000000000000
000000000000000000100000101000001000000000000000000
000000000000000000010001000100010000000000000000000
000000000000000000001110000011100000000000000000000
000000000000000000000000000000000000000000000000000
000000000000000000000000000000000000000000000000000
000000000000000000000000000000000000000000000000000
