000000000000000000000000000000000000000000000000000
000000000000000000000000000000000000000000000000000
000000000000000000000000000000000000000000000000000
000000000000000000000000000000000000000000000000000
000000000000000000000000000000000000000000000000000
000000000000000000000000000000000000000000000000000
000000000000000000000000000000000000000000000000000
000000000000000000000000000000000000000000000000000
000000000000000000000000000000000000000000000000000
000000000000000000000000000000000000000000000000000
000000000000000000000000000000000000000000000000000
000000000000000000000000000000000000000000000000000
000000000000000000000000000000000000000000000000000
000000000000000000000000000000000000000000000000000
000000000000000000000000000000000000000000000000000
000000000000000000000110000011000000000000000000000
000000000000000000001000000000100000000000000000000
000000000000000000010000000000010000000000000000000
000000000000000000100110000011001000000000000000000
000000000000000001000000111000000100000000000000000
000000000000000010000000101000000010000000000000000
000000000000000100100001111100001001000000000000000
000000000000000100100010000010001001000000000000000
000000000000000000000100000001000000000000000000000
000000000000000000011100000001110000000000000000000
000000000000000000010100000001010000000000000000000
000000000000000000011100000001110000000000000000000
000000000000000000000100000001000000000000000000000
000000000000000100100010000010001001000000000000000
000000000000000100100001111100001001000000000000000
000000000000000010000000101000000010000000000000000
000000000000000001000000111000000100000000000000000
000000000000000000100110000011001000000000000000000
000000000000000000010000000000010000000000000000000
000000000000000000001000000000100000000000000000000
000000000000000000000110000011000000000000000000000
000000000000000000000000000000000000000000000000000
000000000000000000000000000000000000000000000000000
000000000000000000000000000000000000000000000000000
000000000000000000000000000000000000000000000000000
000000000000000000000000000000000000000000000000000
000000000000000000000000000000000000000000000000000
000000000000000000000000000000000000000000000000000
000000000000000000000000000000000000000000000000000
000000000000000000000000000000000000000000000000000
000000000000000000000000000000000000000000000000000
000000000000000000000000000000000000000000000000000
000000000000000000000000000000000000000000000000000
000000000000000000000000000000000000000000000000000
000000000000000000000000000000000000000000000000000
000000000000000000000000000000000000000000000000000
