000000000000000000000000000000000000000000000000000
000000000000000000000000000000000000000000000000000
000000000000000000000000000000000000000000000000000
000000000000000000000000000000000000000000000000000
000000000000000000000000000000000000000000000000000
000000000000000000000100000001000000000000000000000
000000000000000000001110000011100000000000000000000
000000000000000000010001000100010000000000000000000
000000000000000000010110000011010000000000000000000
000000000000000000001100000001100000000000000000000
000000000000000000000000000000000000000000000000000
000000000000000000000000000000000000000000000000000
000000000000000000011100000001110000000000000000000
000000000000000000011100000001110000000000000000000
000000000000000000101100000001101000000000000000000
000000000000000000101100000001101000000000000000000
000000000000000000100100000001001000000000000000000
000000000000000000110100000001011000000000000000000
000000000000001111011000000000110111100000000000000
000000011000110001100000000000001100011000110000000
000000100100111100100000000000001001111001001000000
000001101100111111000000000000000111111001101100000
000000101000000000000000000000000000000000101000000
000000010000000000000000000000000000000000010000000
000000000000000000000000010000000000000000000000000
000000000000000000000000101000000000000000000000000
000000000000000000000000010000000000000000000000000
000000010000000000000000000000000000000000010000000
000000101000000000000000000000000000000000101000000
000001101100111111000000000000000111111001101100000
000000100100111100100000000000001001111001001000000
000000011000110001100000000000001100011000110000000
000000000000001111011000000000110111100000000000000
000000000000000000110100000001011000000000000000000
000000000000000000100100000001001000000000000000000
000000000000000000101100000001101000000000000000000
000000000000000000101100000001101000000000000000000
000000000000000000011100000001110000000000000000000
000000000000000000011100000001110000000000000000000
000000000000000000000000000000000000000000000000000
000000000000000000000000000000000000000000000000000
000000000000000000001100000001100000000000000000000
000000000000000000010110000011010000000000000000000
000000000000000000010001000100010000000000000000000
000000000000000000001110000011100000000000000000000
000000000000000000000100000001000000000000000000000
000000000000000000000000000000000000000000000000000
000000000000000000000000000000000000000000000000000
000000000000000000000000000000000000000000000000000
000000000000000000000000000000000000000000000000000
000000000000000000000000000000000000000000000000000
