000000000000000000000000000000000000000000000000000
000000000000000000000000000000000000000000000000000
000000000000000000000000000000000000000000000000000
000000000000000000000000000000000000000000000000000
000000000000000000000000000000000000000000000000000
000000000000000000000000000000000000000000000000000
000000000000000000000000000000000000000000000000000
000000000000000000000000000000000000000000000000000
000000000000000000000000000000000000000000000000000
000000000000000000000000000000000000000000000000000
000000000000000000000000000000000000000000000000000
000000000000000000000000000000000000000000000000000
000000000000000000000000000000000000000000000000000
000000000000000000000000000000000000000000000000000
000000000000000000000000000000000000000000000000000
000000000000000000000000000000000000000000000000000
000000000000000000000000000000000000000000000000000
000000000000000000011111010111110000000000000000000
000000000000000000111111010111111000000000000000000
000000000000000001101000010000101100000000000000000
000000000000000001110010000010011100000000000000000
000000000000000001100100000001001100000000000000000
000000000000000001101000000000101100000000000000000
000000000000000001100000000000001100000000000000000
000000000000000000000000000000000000000000000000000
000000000000000001110000000000011100000000000000000
000000000000000000000000000000000000000000000000000
000000000000000001100000000000001100000000000000000
000000000000000001101000000000101100000000000000000
000000000000000001100100000001001100000000000000000
000000000000000001110010000010011100000000000000000
000000000000000001101000010000101100000000000000000
000000000000000000111111010111111000000000000000000
000000000000000000011111010111110000000000000000000
000000000000000000000000000000000000000000000000000
000000000000000000000000000000000000000000000000000
000000000000000000000000000000000000000000000000000
000000000000000000000000000000000000000000000000000
000000000000000000000000000000000000000000000000000
000000000000000000000000000000000000000000000000000
000000000000000000000000000000000000000000000000000
000000000000000000000000000000000000000000000000000
000000000000000000000000000000000000000000000000000
000000000000000000000000000000000000000000000000000
000000000000000000000000000000000000000000000000000
000000000000000000000000000000000000000000000000000
000000000000000000000000000000000000000000000000000
000000000000000000000000000000000000000000000000000
000000000000000000000000000000000000000000000000000
000000000000000000000000000000000000000000000000000
000000000000000000000000000000000000000000000000000
