000000000000000000000000000000000000000000000000000
000000000000000000000000000000000000000000000000000
000000000000000000001110000011100000000000000000000
000000000000000000010001000100010000000000000000000
000000000000000000000001000100000000000000000000000
000000000000000000100010000010001000000000000000000
000000000000000000110000000000011000000000000000000
000000000000000000000011000110000000000000000000000
000000000000000000000011000110000000000000000000000
000000000000000000011000000000110000000000000000000
000000000000000000100100000001001000000000000000000
000000000000000000011000000000110000000000000000000
000000000000000000000000000000000000000000000000000
000000000000000000000000000000000000000000000000000
000000000000000000000000000000000000000000000000000
000000000000000000001000000000100000000000000000000
000000000000000000010100000001010000000000000000000
000000000000000000010010000010010000000000000000000
000001100010000000001100000001100000000010001100000
000100100101000011000000000000000110000101001001000
001000000101000100100000000000001001000101000000100
001000000010000010100000000000001010000010000000100
001001011000000001000000000000000100000000110100100
000110011000000000000000000000000000000000110011000
000000000000000000000000010000000000000000000000000
000000000000000000000000101000000000000000000000000
000000000000000000000000010000000000000000000000000
000110011000000000000000000000000000000000110011000
001001011000000001000000000000000100000000110100100
001000000010000010100000000000001010000010000000100
001000000101000100100000000000001001000101000000100
000100100101000011000000000000000110000101001001000
000001100010000000001100000001100000000010001100000
000000000000000000010010000010010000000000000000000
000000000000000000010100000001010000000000000000000
000000000000000000001000000000100000000000000000000
000000000000000000000000000000000000000000000000000
000000000000000000000000000000000000000000000000000
000000000000000000000000000000000000000000000000000
000000000000000000011000000000110000000000000000000
000000000000000000100100000001001000000000000000000
000000000000000000011000000000110000000000000000000
000000000000000000000011000110000000000000000000000
000000000000000000000011000110000000000000000000000
000000000000000000110000000000011000000000000000000
000000000000000000100010000010001000000000000000000
000000000000000000000001000100000000000000000000000
000000000000000000010001000100010000000000000000000
000000000000000000001110000011100000000000000000000
000000000000000000000000000000000000000000000000000
000000000000000000000000000000000000000000000000000
