000000000000000000000000000000000000000000000000000
000000000000000000000000000000000000000000000000000
000000000000000000000000000000000000000000000000000
000000000000000000000000000000000000000000000000000
000000000000000000000000000000000000000000000000000
000000000000000000000000000000000000000000000000000
000000000000000000000100000001000000000000000000000
000000000000000000001010000010100000000000000000000
000000000000000000001011000110100000000000000000000
000000000000000000010111000111010000000000000000000
000000000000000001111111000111111100000000000000000
000000000000000001111110000011111100000000000000000
000000000000000000000000000000000000000000000000000
000000000000000000000000000000000000000000000000000
000000000000000000000000000000000000000000000000000
000000000000000000101000000000101000000000000000000
000000000000000001101000000000101100000000000000000
000000000011000010011000000000110010000110000000000
000000000011000110000000000000000011000110000000000
000000000111000001000000000000000100000111000000000
000000011011000111000000000000000111000110110000000
000000100111000000000000000000000000000111001000000
000000011111000000000000000000000000000111110000000
000000001110000000000000000000000000000011100000000
000000000000000000000000010000000000000000000000000
000000000000000000000000101000000000000000000000000
000000000000000000000000010000000000000000000000000
000000001110000000000000000000000000000011100000000
000000011111000000000000000000000000000111110000000
000000100111000000000000000000000000000111001000000
000000011011000111000000000000000111000110110000000
000000000111000001000000000000000100000111000000000
000000000011000110000000000000000011000110000000000
000000000011000010011000000000110010000110000000000
000000000000000001101000000000101100000000000000000
000000000000000000101000000000101000000000000000000
000000000000000000000000000000000000000000000000000
000000000000000000000000000000000000000000000000000
000000000000000000000000000000000000000000000000000
000000000000000001111110000011111100000000000000000
000000000000000001111111000111111100000000000000000
000000000000000000010111000111010000000000000000000
000000000000000000001011000110100000000000000000000
000000000000000000001010000010100000000000000000000
000000000000000000000100000001000000000000000000000
000000000000000000000000000000000000000000000000000
000000000000000000000000000000000000000000000000000
000000000000000000000000000000000000000000000000000
000000000000000000000000000000000000000000000000000
000000000000000000000000000000000000000000000000000
000000000000000000000000000000000000000000000000000
