000000000000000000000000000000000000000000000000000
000000000000000000000000000000000000000000000000000
000000000000000000000000000000000000000000000000000
000000000000000000000000000000000000000000000000000
000000000000000000000000000000000000000000000000000
000000000000000000000000000000000000000000000000000
000000000000000000000000000000000000000000000000000
000000000000000000000000000000000000000000000000000
000000000000000000000000000000000000000000000000000
000000000000000000000000000000000000000000000000000
000000000000000000000000000000000000000000000000000
000000000000000000000000000000000000000000000000000
000000000000000000000000000000000000000000000000000
000000000000000000000010000010000000000000000000000
000000000000000011000111000111000110000000000000000
000000000000000011001100000001100110000000000000000
000000000000001100011011000110110001100000000000000
000000000000001100111011010110111001100000000000000
000000000000000001011111111111110100000000000000000
000000000000000011101100000001101110000000000000000
000000000000000111110000000000011111000000000000000
000000000000001100110000000000011001100000000000000
000000000000011011100000000000001110110000000000000
000000000000001011100000010000001110100000000000000
000000000000000000100000111000001000000000000000000
000000000000000001100001101100001100000000000000000
000000000000000000100000111000001000000000000000000
000000000000001011100000010000001110100000000000000
000000000000011011100000000000001110110000000000000
000000000000001100110000000000011001100000000000000
000000000000000111110000000000011111000000000000000
000000000000000011101100000001101110000000000000000
000000000000000001011111111111110100000000000000000
000000000000001100111011010110111001100000000000000
000000000000001100011011000110110001100000000000000
000000000000000011001100000001100110000000000000000
000000000000000011000111000111000110000000000000000
000000000000000000000010000010000000000000000000000
000000000000000000000000000000000000000000000000000
000000000000000000000000000000000000000000000000000
000000000000000000000000000000000000000000000000000
000000000000000000000000000000000000000000000000000
000000000000000000000000000000000000000000000000000
000000000000000000000000000000000000000000000000000
000000000000000000000000000000000000000000000000000
000000000000000000000000000000000000000000000000000
000000000000000000000000000000000000000000000000000
000000000000000000000000000000000000000000000000000
000000000000000000000000000000000000000000000000000
000000000000000000000000000000000000000000000000000
000000000000000000000000000000000000000000000000000
