000000000000000000000000000000000000000000000000000
000000000000000000000000000000000000000000000000000
000000000000000000000010101010000000000000000000000
000000000000000000010010000010010000000000000000000
000000000000000000011001101100110000000000000000000
000000000000000000001001101100100000000000000000000
000000000000000000000000000000000000000000000000000
000000000000000000000000000000000000000000000000000
000000000000000000000000000000000000000000000000000
000000000000000000000000000000000000000000000000000
000000000000000000000000000000000000000000000000000
000000000000000000000000000000000000000000000000000
000000000000000000000000000000000000000000000000000
000000000000000000000000000000000000000000000000000
000000000000000000000000000000000000000000000000000
000000000000000000001000000000100000000000000000000
000000000000000000010100000001010000000000000000000
000000000000000000010010000010010000000000000000000
000000000000000000001100000001100000000000000000000
000110000000000011000000000000000110000000000011000
000011000000000100100000000000001001000000000110000
000000000000000010100000000000001010000000000000000
001100000000000001000000000000000100000000000001100
000011000000000000000000000000000000000000000110000
001011000000000000000000010000000000000000000110100
000000000000000000000000101000000000000000000000000
001011000000000000000000010000000000000000000110100
000011000000000000000000000000000000000000000110000
001100000000000001000000000000000100000000000001100
000000000000000010100000000000001010000000000000000
000011000000000100100000000000001001000000000110000
000110000000000011000000000000000110000000000011000
000000000000000000001100000001100000000000000000000
000000000000000000010010000010010000000000000000000
000000000000000000010100000001010000000000000000000
000000000000000000001000000000100000000000000000000
000000000000000000000000000000000000000000000000000
000000000000000000000000000000000000000000000000000
000000000000000000000000000000000000000000000000000
000000000000000000000000000000000000000000000000000
000000000000000000000000000000000000000000000000000
000000000000000000000000000000000000000000000000000
000000000000000000000000000000000000000000000000000
000000000000000000000000000000000000000000000000000
000000000000000000000000000000000000000000000000000
000000000000000000001001101100100000000000000000000
000000000000000000011001101100110000000000000000000
000000000000000000010010000010010000000000000000000
000000000000000000000010101010000000000000000000000
000000000000000000000000000000000000000000000000000
000000000000000000000000000000000000000000000000000
