000000000000000000000000000000000000000000000000000
000000000000000000000000000000000000000000000000000
000000000000000000000000000000000000000000000000000
000000000000000000000000000000000000000000000000000
000000000000000000000000000000000000000000000000000
000000000000000000000000000000000000000000000000000
000000000000000000000000000000000000000000000000000
000000000000000000000000000000000000000000000000000
000000000000000000000000000000000000000000000000000
000000000000000000000000000000000000000000000000000
000000000000000000000000000000000000000000000000000
000000000000000000000000000000000000000000000000000
000000000000000000000000000000000000000000000000000
000000000000000111000000000000000111000000000000000
000000000000000000000010101010000000000000000000000
000000000000010001111011111110111100010000000000000
000000000000010000011111111111110000010000000000000
000000000000010100111000010000111001010000000000000
000000000000000101000000000000000101000000000000000
000000000000000111000000000000000111000000000000000
000000000000000111000000000000000111000000000000000
000000000000000010000000000000000010000000000000000
000000000000001110000000000000000011100000000000000
000000000000000110000000000000000011000000000000000
000000000000001110000000010000000011100000000000000
000000000000000111000000101000000111000000000000000
000000000000001110000000010000000011100000000000000
000000000000000110000000000000000011000000000000000
000000000000001110000000000000000011100000000000000
000000000000000010000000000000000010000000000000000
000000000000000111000000000000000111000000000000000
000000000000000111000000000000000111000000000000000
000000000000000101000000000000000101000000000000000
000000000000010100111000010000111001010000000000000
000000000000010000011111111111110000010000000000000
000000000000010001111011111110111100010000000000000
000000000000000000000010101010000000000000000000000
000000000000000111000000000000000111000000000000000
000000000000000000000000000000000000000000000000000
000000000000000000000000000000000000000000000000000
000000000000000000000000000000000000000000000000000
000000000000000000000000000000000000000000000000000
000000000000000000000000000000000000000000000000000
000000000000000000000000000000000000000000000000000
000000000000000000000000000000000000000000000000000
000000000000000000000000000000000000000000000000000
000000000000000000000000000000000000000000000000000
000000000000000000000000000000000000000000000000000
000000000000000000000000000000000000000000000000000
000000000000000000000000000000000000000000000000000
000000000000000000000000000000000000000000000000000
