000000000000000000000000000000000000000000000000000
000000000000000000000000000000000000000000000000000
000000000000000000000000000000000000000000000000000
000000000000000000000000000000000000000000000000000
000000000000000000000000000000000000000000000000000
000000000000000000000000000000000000000000000000000
000000000000000000000000000000000000000000000000000
000000000000000000000000000000000000000000000000000
000000000000000000000000000000000000000000000000000
000000000000000000000000000000000000000000000000000
000000000000000000000000000000000000000000000000000
000000000000000000000000000000000000000000000000000
000000000000000000000000000000000000000000000000000
000000000000000000000111000111000000000000000000000
000000000000000000000101000101000000000000000000000
000000000000000000000101000101000000000000000000000
000000000000000000000000000000000000000000000000000
000000000000000000000101000101000000000000000000000
000000000000000000000101000101000000000000000000000
000000000000000000000111000111000000000000000000000
000000000000000000000000000000000000000000000000000
000000000000011101110000000000011101110000000000000
000000000000010000010000000000010000010000000000000
000000000000011101110000000000011101110000000000000
000000000000000000000000010000000000000000000000000
000000000000000000000000101000000000000000000000000
000000000000000000000000010000000000000000000000000
000000000000011101110000000000011101110000000000000
000000000000010000010000000000010000010000000000000
000000000000011101110000000000011101110000000000000
000000000000000000000000000000000000000000000000000
000000000000000000000111000111000000000000000000000
000000000000000000000101000101000000000000000000000
000000000000000000000101000101000000000000000000000
000000000000000000000000000000000000000000000000000
000000000000000000000101000101000000000000000000000
000000000000000000000101000101000000000000000000000
000000000000000000000111000111000000000000000000000
000000000000000000000000000000000000000000000000000
000000000000000000000000000000000000000000000000000
000000000000000000000000000000000000000000000000000
000000000000000000000000000000000000000000000000000
000000000000000000000000000000000000000000000000000
000000000000000000000000000000000000000000000000000
000000000000000000000000000000000000000000000000000
000000000000000000000000000000000000000000000000000
000000000000000000000000000000000000000000000000000
000000000000000000000000000000000000000000000000000
000000000000000000000000000000000000000000000000000
000000000000000000000000000000000000000000000000000
000000000000000000000000000000000000000000000000000
