000000000000000000000000000000000000000000000000000
000000000000000000001110000011100000000000000000000
000000000000000000000000000000000000000000000000000
000000000000000000001001000100100000000000000000000
000000000000000000011111000111110000000000000000000
000000000000000000110000000000011000000000000000000
000000000000000000110011000110011000000000000000000
000000000000000000000000101000000000000000000000000
000000000000000000000000000000000000000000000000000
000000000000000000010001000100010000000000000000000
000000000000000000100010000010001000000000000000000
000000000000000000011000000000110000000000000000000
000000000000000000000000000000000000000000000000000
000000000000000000000000000000000000000000000000000
000000000000000000000000000000000000000000000000000
000000000000000000001000000000100000000000000000000
000000000000000000010100000001010000000000000000000
000000000000000000010010000010010000000000000000000
000001100010000000001100000001100000000010001100000
000011100101000011000000000000000110000101001110000
010110000001000100100000000000001001000100000011010
010010000000000010100000000000001010000000000010010
010010100010000001000000000000000100000010001010010
000110100100000000000000000000000000000001001011000
000000010000000000000000010000000000000000010000000
000000000000000000000000101000000000000000000000000
000000010000000000000000010000000000000000010000000
000110100100000000000000000000000000000001001011000
010010100010000001000000000000000100000010001010010
010010000000000010100000000000001010000000000010010
010110000001000100100000000000001001000100000011010
000011100101000011000000000000000110000101001110000
000001100010000000001100000001100000000010001100000
000000000000000000010010000010010000000000000000000
000000000000000000010100000001010000000000000000000
000000000000000000001000000000100000000000000000000
000000000000000000000000000000000000000000000000000
000000000000000000000000000000000000000000000000000
000000000000000000000000000000000000000000000000000
000000000000000000011000000000110000000000000000000
000000000000000000100010000010001000000000000000000
000000000000000000010001000100010000000000000000000
000000000000000000000000000000000000000000000000000
000000000000000000000000101000000000000000000000000
000000000000000000110011000110011000000000000000000
000000000000000000110000000000011000000000000000000
000000000000000000011111000111110000000000000000000
000000000000000000001001000100100000000000000000000
000000000000000000000000000000000000000000000000000
000000000000000000001110000011100000000000000000000
000000000000000000000000000000000000000000000000000
