000000000000000000000000000000000000000000000000000
000000000000000000000100000001000000000000000000000
000000000000000000001110000011100000000000000000000
000000000000000000001101000101100000000000000000000
000000000000000000000011000110000000000000000000000
000000000000000000110000000000011000000000000000000
000000000000000000110011000110011000000000000000000
000000000000000000000011000110000000000000000000000
000000000000000000000111000111000000000000000000000
000000000000000000011110000011110000000000000000000
000000000000000000100100000001001000000000000000000
000000000000000000011000000000110000000000000000000
000000000000000000000000000000000000000000000000000
000000000000000000000000000000000000000000000000000
000000000000000000000000000000000000000000000000000
000000000000000000001000000000100000000000000000000
000000000000000000010100000001010000000000000000000
000000000000000000010010000010010000000000000000000
000001100010000000001100000001100000000010001100000
000001100101000011000000000000000110000101001100000
001100000101000100100000000000001001000101000001100
011100001110000010100000000000001010000011100001110
001010111100000001000000000000000100000001111010100
000110111000000000000000000000000000000000111011000
000000000000000000000000010000000000000000000000000
000000000000000000000000101000000000000000000000000
000000000000000000000000010000000000000000000000000
000110111000000000000000000000000000000000111011000
001010111100000001000000000000000100000001111010100
011100001110000010100000000000001010000011100001110
001100000101000100100000000000001001000101000001100
000001100101000011000000000000000110000101001100000
000001100010000000001100000001100000000010001100000
000000000000000000010010000010010000000000000000000
000000000000000000010100000001010000000000000000000
000000000000000000001000000000100000000000000000000
000000000000000000000000000000000000000000000000000
000000000000000000000000000000000000000000000000000
000000000000000000000000000000000000000000000000000
000000000000000000011000000000110000000000000000000
000000000000000000100100000001001000000000000000000
000000000000000000011110000011110000000000000000000
000000000000000000000111000111000000000000000000000
000000000000000000000011000110000000000000000000000
000000000000000000110011000110011000000000000000000
000000000000000000110000000000011000000000000000000
000000000000000000000011000110000000000000000000000
000000000000000000001101000101100000000000000000000
000000000000000000001110000011100000000000000000000
000000000000000000000100000001000000000000000000000
000000000000000000000000000000000000000000000000000
