000000000000000000000000000000000000000000000000000
000000000000000000000000000000000000000000000000000
000000000000000000000000000000000000000000000000000
000000000000000000000000000000000000000000000000000
000000000000000000000000000000000000000000000000000
000000000000000000000000000000000000000000000000000
000000000000000000000000000000000000000000000000000
000000000000000000000000000000000000000000000000000
000000000000000000000000000000000000000000000000000
000000000000000000000000000000000000000000000000000
000000000000000000000000000000000000000000000000000
000000000000000000000000000000000000000000000000000
000000000000000000100011000110001000000000000000000
000000000000000001000000101000000100000000000000000
000000000000000010000000101000000010000000000000000
000000000000000001000000101000000100000000000000000
000000000000001000111100010001111000100000000000000
000000000000010100000000000000000001010000000000000
000000000000100010000000000000000010001000000000000
000000000000000010000011000110000010000000000000000
000000000000000010000011101110000010000000000000000
000000000000000010000000101000000010000000000000000
000000000000100000011000000000110000001000000000000
000000000000100000011000000000110000001000000000000
000000000000011100001100010001100001110000000000000
000000000000000010000000101000000010000000000000000
000000000000011100001100010001100001110000000000000
000000000000100000011000000000110000001000000000000
000000000000100000011000000000110000001000000000000
000000000000000010000000101000000010000000000000000
000000000000000010000011101110000010000000000000000
000000000000000010000011000110000010000000000000000
000000000000100010000000000000000010001000000000000
000000000000010100000000000000000001010000000000000
000000000000001000111100010001111000100000000000000
000000000000000001000000101000000100000000000000000
000000000000000010000000101000000010000000000000000
000000000000000001000000101000000100000000000000000
000000000000000000100011000110001000000000000000000
000000000000000000000000000000000000000000000000000
000000000000000000000000000000000000000000000000000
000000000000000000000000000000000000000000000000000
000000000000000000000000000000000000000000000000000
000000000000000000000000000000000000000000000000000
000000000000000000000000000000000000000000000000000
000000000000000000000000000000000000000000000000000
000000000000000000000000000000000000000000000000000
000000000000000000000000000000000000000000000000000
000000000000000000000000000000000000000000000000000
000000000000000000000000000000000000000000000000000
000000000000000000000000000000000000000000000000000
