000000000000000000000000000000000000000000000000000
000000000000000000000000000000000000000000000000000
000000000000000000000000000000000000000000000000000
000000000000000000000000000000000000000000000000000
000000000000000000000000000000000000000000000000000
000000000000000000000000000000000000000000000000000
000000000000000000000000000000000000000000000000000
000000000000000000000000000000000000000000000000000
000000000000000000000000000000000000000000000000000
000000000000000000000000000000000000000000000000000
000000000000000000000000000000000000000000000000000
000000000000000000000000000000000000000000000000000
000000000000000000000000000000000000000000000000000
000000000000000000000000000000000000000000000000000
000000000000000000000000000000000000000000000000000
000000000000000000001100000001100000000000000000000
000000000000000000010010000010010000000000000000000
000000000000000000110110000011011000000000000000000
000000000000000001110100000001011100000000000000000
000000000000000011111000000000111110000000000000000
000000000000000100011111010111110001000000000000000
000000000000000101101100000001101101000000000000000
000000000000000011001000000000100110000000000000000
000000000000000000001000101000100000000000000000000
000000000000000000000001010100000000000000000000000
000000000000000000001000101000100000000000000000000
000000000000000000000001010100000000000000000000000
000000000000000000001000101000100000000000000000000
000000000000000011001000000000100110000000000000000
000000000000000101101100000001101101000000000000000
000000000000000100011111010111110001000000000000000
000000000000000011111000000000111110000000000000000
000000000000000001110100000001011100000000000000000
000000000000000000110110000011011000000000000000000
000000000000000000010010000010010000000000000000000
000000000000000000001100000001100000000000000000000
000000000000000000000000000000000000000000000000000
000000000000000000000000000000000000000000000000000
000000000000000000000000000000000000000000000000000
000000000000000000000000000000000000000000000000000
000000000000000000000000000000000000000000000000000
000000000000000000000000000000000000000000000000000
000000000000000000000000000000000000000000000000000
000000000000000000000000000000000000000000000000000
000000000000000000000000000000000000000000000000000
000000000000000000000000000000000000000000000000000
000000000000000000000000000000000000000000000000000
000000000000000000000000000000000000000000000000000
000000000000000000000000000000000000000000000000000
000000000000000000000000000000000000000000000000000
000000000000000000000000000000000000000000000000000
