000000000000000000000000000000000000000000000000000
000000000000000000000000000000000000000000000000000
000000000000000000000000000000000000000000000000000
000000000000000000000000000000000000000000000000000
000000000000000000000000000000000000000000000000000
000000000000000000000000000000000000000000000000000
000000000000000000000110000011000000000000000000000
000000000000000000011010000010110000000000000000000
000000000000000000011101000101110000000000000000000
000000000000000000000000000000000000000000000000000
000000000000000000000000000000000000000000000000000
000000000000000001011000000000110100000000000000000
000000000000000000111000000000111000000000000000000
000000000000000000011000000000110000000000000000000
000000000000000000000000000000000000000000000000000
000000000000000001110000000000011100000000000000000
000000000000000000001100000001100000000000000000000
000000000001000100001100000001100001000100000000000
000000000000100100010000000000010001001000000000000
000000011001110100100000000000001001011100110000000
000000011001110011000000000000000110011100110000000
000000101000000011000000000000000110000000101000000
000000110000000000000000000000000000000000011000000
000000001000000000000000000000000000000000100000000
000000000000000000000000010000000000000000000000000
000000000000000000000000101000000000000000000000000
000000000000000000000000010000000000000000000000000
000000001000000000000000000000000000000000100000000
000000110000000000000000000000000000000000011000000
000000101000000011000000000000000110000000101000000
000000011001110011000000000000000110011100110000000
000000011001110100100000000000001001011100110000000
000000000000100100010000000000010001001000000000000
000000000001000100001100000001100001000100000000000
000000000000000000001100000001100000000000000000000
000000000000000001110000000000011100000000000000000
000000000000000000000000000000000000000000000000000
000000000000000000011000000000110000000000000000000
000000000000000000111000000000111000000000000000000
000000000000000001011000000000110100000000000000000
000000000000000000000000000000000000000000000000000
000000000000000000000000000000000000000000000000000
000000000000000000011101000101110000000000000000000
000000000000000000011010000010110000000000000000000
000000000000000000000110000011000000000000000000000
000000000000000000000000000000000000000000000000000
000000000000000000000000000000000000000000000000000
000000000000000000000000000000000000000000000000000
000000000000000000000000000000000000000000000000000
000000000000000000000000000000000000000000000000000
000000000000000000000000000000000000000000000000000
