000000000000000000000000000000000000000000000000000
000000000000000000000000000000000000000000000000000
000000000000000000000000000000000000000000000000000
000000000000000000000000000000000000000000000000000
000000000000000000000000000000000000000000000000000
000000000000000000000000000000000000000000000000000
000000000000000000000000000000000000000000000000000
000000000000000000000100000001000000000000000000000
000000000000000000001110000011100000000000000000000
000000000000000000001001000100100000000000000000000
000000000000000011011110000011110110000000000000000
000000000000000000010100000001010000000000000000000
000000000000001100000000000000000001100000000000000
000000000000000000000000000000000000000000000000000
000000000000100000010000000000010000001000000000000
000000000000100000001000000000100000001000000000000
000000000010000001110000000000011100000010000000000
000000000010000010010000000000010010000010000000000
000000000000000010000000000000000010000000000000000
000000000011001011000000000000000110100110000000000
000000001110000100000000000000000001000011100000000
000000011011000000000000000000000000000110110000000
000000001010000000000000000000000000000010100000000
000000000100000000000000000000000000000001000000000
000000000000000000000000010000000000000000000000000
000000000000000000000000101000000000000000000000000
000000000000000000000000010000000000000000000000000
000000000100000000000000000000000000000001000000000
000000001010000000000000000000000000000010100000000
000000011011000000000000000000000000000110110000000
000000001110000100000000000000000001000011100000000
000000000011001011000000000000000110100110000000000
000000000000000010000000000000000010000000000000000
000000000010000010010000000000010010000010000000000
000000000010000001110000000000011100000010000000000
000000000000100000001000000000100000001000000000000
000000000000100000010000000000010000001000000000000
000000000000000000000000000000000000000000000000000
000000000000001100000000000000000001100000000000000
000000000000000000010100000001010000000000000000000
000000000000000011011110000011110110000000000000000
000000000000000000001001000100100000000000000000000
000000000000000000001110000011100000000000000000000
000000000000000000000100000001000000000000000000000
000000000000000000000000000000000000000000000000000
000000000000000000000000000000000000000000000000000
000000000000000000000000000000000000000000000000000
000000000000000000000000000000000000000000000000000
000000000000000000000000000000000000000000000000000
000000000000000000000000000000000000000000000000000
000000000000000000000000000000000000000000000000000
