000000000000000000000100000001000000000000000000000
000000000000000000000100000001000000000000000000000
000000000000000000001010000010100000000000000000000
000000000000000000011001000100110000000000000000000
000000000000000000100111000111001000000000000000000
000000000000000000000000000000000000000000000000000
000000000000000000110001000100011000000000000000000
000000000000000000000001000100000000000000000000000
000000000000000000000000000000000000000000000000000
000000000000000000000000000000000000000000000000000
000000000000000000101000000000101000000000000000000
000000000000000000010000000000010000000000000000000
000000000000000000000000000000000000000000000000000
000000000000000000000000000000000000000000000000000
000000000000000000000000000000000000000000000000000
000000000000000000001000000000100000000000000000000
000000000000000000010100000001010000000000000000000
000000000000000000010010000010010000000000000000000
000010100010000000001100000001100000000010001010000
000100100001000011000000000000000110000100001001000
001100000010000100100000000000001001000010000001100
110010000000000010100000000000001010000000000010011
001010000000000001000000000000000100000000000010100
000110110000000000000000000000000000000000011011000
000000000000000000000000010000000000000000000000000
000000000000000000000000101000000000000000000000000
000000000000000000000000010000000000000000000000000
000110110000000000000000000000000000000000011011000
001010000000000001000000000000000100000000000010100
110010000000000010100000000000001010000000000010011
001100000010000100100000000000001001000010000001100
000100100001000011000000000000000110000100001001000
000010100010000000001100000001100000000010001010000
000000000000000000010010000010010000000000000000000
000000000000000000010100000001010000000000000000000
000000000000000000001000000000100000000000000000000
000000000000000000000000000000000000000000000000000
000000000000000000000000000000000000000000000000000
000000000000000000000000000000000000000000000000000
000000000000000000010000000000010000000000000000000
000000000000000000101000000000101000000000000000000
000000000000000000000000000000000000000000000000000
000000000000000000000000000000000000000000000000000
000000000000000000000001000100000000000000000000000
000000000000000000110001000100011000000000000000000
000000000000000000000000000000000000000000000000000
000000000000000000100111000111001000000000000000000
000000000000000000011001000100110000000000000000000
000000000000000000001010000010100000000000000000000
000000000000000000000100000001000000000000000000000
000000000000000000000100000001000000000000000000000
