000000000000000000000000000000000000000000000000000
000000000000000000000000000000000000000000000000000
000000000000000000000000000000000000000000000000000
000000000000000000000000000000000000000000000000000
000000000000000000000000000000000000000000000000000
000000000000000000000000000000000000000000000000000
000000000000000000000000000000000000000000000000000
000000000000000000000000000000000000000000000000000
000000000000000000000000000000000000000000000000000
000000000000000000000000000000000000000000000000000
000000000000000000000000000000000000000000000000000
000000000000000000000010000010000000000000000000000
000000000000000000000011000110000000000000000000000
000000000000000000001101000101100000000000000000000
000000000000000001111001000100111100000000000000000
000000000000000011011011000110110110000000000000000
000000000000000100000011010110000001000000000000000
000000000000001100000001101100000001100000000000000
000000000000001000000001101100000000100000000000000
000000000000001100000001101100000001100000000000000
000000000000011100000001101100000001110000000000000
000000000000010000000001101100000000010000000000000
000000000001100110000000101000000011001100000000000
000000000000111111111100010001111111111000000000000
000000000000000001111110000011111100000000000000000
000000000000000010000001000100000010000000000000000
000000000000000001111110000011111100000000000000000
000000000000111111111100010001111111111000000000000
000000000001100110000000101000000011001100000000000
000000000000010000000001101100000000010000000000000
000000000000011100000001101100000001110000000000000
000000000000001100000001101100000001100000000000000
000000000000001000000001101100000000100000000000000
000000000000001100000001101100000001100000000000000
000000000000000100000011010110000001000000000000000
000000000000000011011011000110110110000000000000000
000000000000000001111001000100111100000000000000000
000000000000000000001101000101100000000000000000000
000000000000000000000011000110000000000000000000000
000000000000000000000010000010000000000000000000000
000000000000000000000000000000000000000000000000000
000000000000000000000000000000000000000000000000000
000000000000000000000000000000000000000000000000000
000000000000000000000000000000000000000000000000000
000000000000000000000000000000000000000000000000000
000000000000000000000000000000000000000000000000000
000000000000000000000000000000000000000000000000000
000000000000000000000000000000000000000000000000000
000000000000000000000000000000000000000000000000000
000000000000000000000000000000000000000000000000000
000000000000000000000000000000000000000000000000000
