000000000000000000000000000000000000000000000000000
000000000000000000000000000000000000000000000000000
000000000000000000000000000000000000000000000000000
000000000000000000000000000000000000000000000000000
000000000000000000000000000000000000000000000000000
000000000000000000000000000000000000000000000000000
000000000000000000000000000000000000000000000000000
000000000000000000000000000000000000000000000000000
000000000000000000000000000000000000000000000000000
000000000000000000000000000000000000000000000000000
000000000000000000000000000000000000000000000000000
000000000000000000000000000000000000000000000000000
000000000000000000000000000000000000000000000000000
000000000000000000000000000000000000000000000000000
000000000000000000000000000000000000000000000000000
000000000000000000011100000001110000000000000000000
000000000000000000110010000010011000000000000000000
000000000000000001101001000100101100000000000000000
000000000000000011000110000011000110000000000000000
000000000000000110000111000111000011000000000000000
000000000000000101000001111100000101000000000000000
000000000000000100110100000001011001000000000000000
000000000000000010110000010000011010000000000000000
000000000000000001011000111000110100000000000000000
000000000000000000001001000100100000000000000000000
000000000000000000001011000110100000000000000000000
000000000000000000001001000100100000000000000000000
000000000000000001011000111000110100000000000000000
000000000000000010110000010000011010000000000000000
000000000000000100110100000001011001000000000000000
000000000000000101000001111100000101000000000000000
000000000000000110000111000111000011000000000000000
000000000000000011000110000011000110000000000000000
000000000000000001101001000100101100000000000000000
000000000000000000110010000010011000000000000000000
000000000000000000011100000001110000000000000000000
000000000000000000000000000000000000000000000000000
000000000000000000000000000000000000000000000000000
000000000000000000000000000000000000000000000000000
000000000000000000000000000000000000000000000000000
000000000000000000000000000000000000000000000000000
000000000000000000000000000000000000000000000000000
000000000000000000000000000000000000000000000000000
000000000000000000000000000000000000000000000000000
000000000000000000000000000000000000000000000000000
000000000000000000000000000000000000000000000000000
000000000000000000000000000000000000000000000000000
000000000000000000000000000000000000000000000000000
000000000000000000000000000000000000000000000000000
000000000000000000000000000000000000000000000000000
000000000000000000000000000000000000000000000000000
