000000000000000000000000000000000000000000000000000
000000000000000000000000000000000000000000000000000
000000000000000000000000000000000000000000000000000
000000000000000000000000000000000000000000000000000
000000000000000000000000000000000000000000000000000
000000000000000000000000000000000000000000000000000
000000000000000000000000000000000000000000000000000
000000000000000000000000000000000000000000000000000
000000000000000000000000000000000000000000000000000
000000000000000000000000000000000000000000000000000
000000000000000000000000000000000000000000000000000
000000000000000000000000000000000000000000000000000
000000000000000000000000000000000000000000000000000
000000000000000011000000101000000110000000000000000
000000000000000010010001101100010010000000000000000
000000000000000010001001101100100010000000000000000
000000000000011101000100010001000101110000000000000
000000000000010010101000000000101010010000000000000
000000000000000001000000000000000100000000000000000
000000000000001000000000000000000000100000000000000
000000000000000101000000101000000101000000000000000
000000000000000010000001000100000010000000000000000
000000000000000000000000000000000000000000000000000
000000000000001100000100000001000001100000000000000
000000000000011100001000010000100001110000000000000
000000000000000010000000101000000010000000000000000
000000000000011100001000010000100001110000000000000
000000000000001100000100000001000001100000000000000
000000000000000000000000000000000000000000000000000
000000000000000010000001000100000010000000000000000
000000000000000101000000101000000101000000000000000
000000000000001000000000000000000000100000000000000
000000000000000001000000000000000100000000000000000
000000000000010010101000000000101010010000000000000
000000000000011101000100010001000101110000000000000
000000000000000010001001101100100010000000000000000
000000000000000010010001101100010010000000000000000
000000000000000011000000101000000110000000000000000
000000000000000000000000000000000000000000000000000
000000000000000000000000000000000000000000000000000
000000000000000000000000000000000000000000000000000
000000000000000000000000000000000000000000000000000
000000000000000000000000000000000000000000000000000
000000000000000000000000000000000000000000000000000
000000000000000000000000000000000000000000000000000
000000000000000000000000000000000000000000000000000
000000000000000000000000000000000000000000000000000
000000000000000000000000000000000000000000000000000
000000000000000000000000000000000000000000000000000
000000000000000000000000000000000000000000000000000
000000000000000000000000000000000000000000000000000
