000000000000000000000000000000000000000000000000000
000000000000000000000000000000000000000000000000000
000000000000000000000000000000000000000000000000000
000000000000000000000000000000000000000000000000000
000000000000000000000000000000000000000000000000000
000000000000000000000000000000000000000000000000000
000000000000000000000000000000000000000000000000000
000000000000000000000000000000000000000000000000000
000000000000000000000000000000000000000000000000000
000000000000000000000010000010000000000000000000000
000000000000000000000111000111000000000000000000000
000000000000000000001110101011100000000000000000000
000000000000000000011000000000110000000000000000000
000000000000000000110001101100011000000000000000000
000000000000000000011000000000110000000000000000000
000000000000000000001000000000100000000000000000000
000000000000000000000000000000000000000000000000000
000000000000000000000000000000000000000000000000000
000000000000010000000000000000000000010000000000000
000000000000111000000000000000000000111000000000000
000000000001101100000000000000000001101100000000000
000000000011000000000000000000000000000110000000000
000000000111000000000000000000000000000111000000000
000000000010010000000000000000000000010010000000000
000000000001010000000000010000000000010100000000000
000000000000000000000000101000000000000000000000000
000000000001010000000000010000000000010100000000000
000000000010010000000000000000000000010010000000000
000000000111000000000000000000000000000111000000000
000000000011000000000000000000000000000110000000000
000000000001101100000000000000000001101100000000000
000000000000111000000000000000000000111000000000000
000000000000010000000000000000000000010000000000000
000000000000000000000000000000000000000000000000000
000000000000000000000000000000000000000000000000000
000000000000000000001000000000100000000000000000000
000000000000000000011000000000110000000000000000000
000000000000000000110001101100011000000000000000000
000000000000000000011000000000110000000000000000000
000000000000000000001110101011100000000000000000000
000000000000000000000111000111000000000000000000000
000000000000000000000010000010000000000000000000000
000000000000000000000000000000000000000000000000000
000000000000000000000000000000000000000000000000000
000000000000000000000000000000000000000000000000000
000000000000000000000000000000000000000000000000000
000000000000000000000000000000000000000000000000000
000000000000000000000000000000000000000000000000000
000000000000000000000000000000000000000000000000000
000000000000000000000000000000000000000000000000000
000000000000000000000000000000000000000000000000000
