000000000000000000000000000000000000000000000000000
000000000000000000000000000000000000000000000000000
000000000000000000000000000000000000000000000000000
000000000000000000000000000000000000000000000000000
000000000000000000000100000001000000000000000000000
000000000000000000001110000011100000000000000000000
000000000000000000011011000110110000000000000000000
000000000000000000111011101110111000000000000000000
000000000000000000011011000110110000000000000000000
000000000000000000011100000001110000000000000000000
000000000000000000011000000000110000000000000000000
000000000000000000000000000000000000000000000000000
000000000000000000100010000010001000000000000000000
000000000000000000000001000100000000000000000000000
000000000000000000000000000000000000000000000000000
000000000000000000010000000000010000000000000000000
000000000000000000010000000000010000000000000000000
000000000000000000001010000010100000000000000000000
000000010000100000000100000001000000001000010000000
000000111110000110000000000000000011000011111000000
000001111110000001000000000000000100000011111100000
000011000100000000100000000000001000000001000110000
000001111000100001000000000000000100001000111100000
000000111000010000000000000000000000010000111000000
000000010000000000000000010000000000000000010000000
000000000000000000000000101000000000000000000000000
000000010000000000000000010000000000000000010000000
000000111000010000000000000000000000010000111000000
000001111000100001000000000000000100001000111100000
000011000100000000100000000000001000000001000110000
000001111110000001000000000000000100000011111100000
000000111110000110000000000000000011000011111000000
000000010000100000000100000001000000001000010000000
000000000000000000001010000010100000000000000000000
000000000000000000010000000000010000000000000000000
000000000000000000010000000000010000000000000000000
000000000000000000000000000000000000000000000000000
000000000000000000000001000100000000000000000000000
000000000000000000100010000010001000000000000000000
000000000000000000000000000000000000000000000000000
000000000000000000011000000000110000000000000000000
000000000000000000011100000001110000000000000000000
000000000000000000011011000110110000000000000000000
000000000000000000111011101110111000000000000000000
000000000000000000011011000110110000000000000000000
000000000000000000001110000011100000000000000000000
000000000000000000000100000001000000000000000000000
000000000000000000000000000000000000000000000000000
000000000000000000000000000000000000000000000000000
000000000000000000000000000000000000000000000000000
000000000000000000000000000000000000000000000000000
