000000000000000000000000000000000000000000000000000
000000000000000000000000000000000000000000000000000
000000000000000000000000000000000000000000000000000
000000000000000000000000000000000000000000000000000
000000000000000000000000000000000000000000000000000
000000000000000000000000000000000000000000000000000
000000000000000000000000000000000000000000000000000
000000000000000000000000000000000000000000000000000
000000000000000000000110000011000000000000000000000
000000000000000000001001000100100000000000000000000
000000000000000000011010000010110000000000000000000
000000000000000001000100000001000100000000000000000
000000000000000011000000000000000110000000000000000
000000000000000110000000000000000011000000000000000
000000000000000010010000000000010010000000000000000
000000000000010001101000000000101100010000000000000
000000000000111000110000000000011000111000000000000
000000000001100100000000000000000001001100000000000
000000000000000110000000000000000011000000000000000
000000000010001010000000000000000010100010000000000
000000000110000100000000000000000001000011000000000
000000001001000000000000000000000000000100100000000
000000001010000000000000000000000000000010100000000
000000000100000000000000000000000000000001000000000
000000000000000000000000010000000000000000000000000
000000000000000000000000101000000000000000000000000
000000000000000000000000010000000000000000000000000
000000000100000000000000000000000000000001000000000
000000001010000000000000000000000000000010100000000
000000001001000000000000000000000000000100100000000
000000000110000100000000000000000001000011000000000
000000000010001010000000000000000010100010000000000
000000000000000110000000000000000011000000000000000
000000000001100100000000000000000001001100000000000
000000000000111000110000000000011000111000000000000
000000000000010001101000000000101100010000000000000
000000000000000010010000000000010010000000000000000
000000000000000110000000000000000011000000000000000
000000000000000011000000000000000110000000000000000
000000000000000001000100000001000100000000000000000
000000000000000000011010000010110000000000000000000
000000000000000000001001000100100000000000000000000
000000000000000000000110000011000000000000000000000
000000000000000000000000000000000000000000000000000
000000000000000000000000000000000000000000000000000
000000000000000000000000000000000000000000000000000
000000000000000000000000000000000000000000000000000
000000000000000000000000000000000000000000000000000
000000000000000000000000000000000000000000000000000
000000000000000000000000000000000000000000000000000
000000000000000000000000000000000000000000000000000
