000000000000000000000000000000000000000000000000000
000000000000000000000000000000000000000000000000000
000000000000000000000000000000000000000000000000000
000000000000000000000000000000000000000000000000000
000000000000000000000000000000000000000000000000000
000000000000000000000000000000000000000000000000000
000000000000000000000000000000000000000000000000000
000000000000000000000000000000000000000000000000000
000000000000000000000000000000000000000000000000000
000000000000000000000000000000000000000000000000000
000000000000000000000000000000000000000000000000000
000000000000000000000000000000000000000000000000000
000000000000000000000000000000000000000000000000000
000000000000000000000000000000000000000000000000000
000000000000000000000000000000000000000000000000000
000000000000000000000000000000000000000000000000000
000000000000000000001110000011100000000000000000000
000000000000000000100001000100001000000000000000000
000000000000000001000000000000000100000000000000000
000000000000000000000000010000000000000000000000000
000000000000000010001011111110100010000000000000000
000000000000000010000001000100000010000000000000000
000000000000000010001010000010100010000000000000000
000000000000000001001100000001100100000000000000000
000000000000000000001000000000100000000000000000000
000000000000000000011000000000110000000000000000000
000000000000000000001000000000100000000000000000000
000000000000000001001100000001100100000000000000000
000000000000000010001010000010100010000000000000000
000000000000000010000001000100000010000000000000000
000000000000000010001011111110100010000000000000000
000000000000000000000000010000000000000000000000000
000000000000000001000000000000000100000000000000000
000000000000000000100001000100001000000000000000000
000000000000000000001110000011100000000000000000000
000000000000000000000000000000000000000000000000000
000000000000000000000000000000000000000000000000000
000000000000000000000000000000000000000000000000000
000000000000000000000000000000000000000000000000000
000000000000000000000000000000000000000000000000000
000000000000000000000000000000000000000000000000000
000000000000000000000000000000000000000000000000000
000000000000000000000000000000000000000000000000000
000000000000000000000000000000000000000000000000000
000000000000000000000000000000000000000000000000000
000000000000000000000000000000000000000000000000000
000000000000000000000000000000000000000000000000000
000000000000000000000000000000000000000000000000000
000000000000000000000000000000000000000000000000000
000000000000000000000000000000000000000000000000000
000000000000000000000000000000000000000000000000000
