000000000000000000000000000000000000000000000000000
000000000000000000000000000000000000000000000000000
000000000000000000000000000000000000000000000000000
000000000000000000000000000000000000000000000000000
000000000000000000000000000000000000000000000000000
000000000000000000000000000000000000000000000000000
000000000000000000000000000000000000000000000000000
000000000000000000000000000000000000000000000000000
000000000000000000000000000000000000000000000000000
000000000000000000000000000000000000000000000000000
000000000000000000000111000111000000000000000000000
000000000000000000001000101000100000000000000000000
000000000000000000010000101000010000000000000000000
000000000000000000010000000000010000000000000000000
000000000000000000011101101101110000000000000000000
000000000000000000000000000000000000000000000000000
000000000000000000000000000000000000000000000000000
000000000000000000000000000000000000000000000000000
000000000000000000000000000000000000000000000000000
000000000000111000001001101100100000111000000000000
000000000001001000010000000000010000100100000000000
000000000010001000000000000000000000100010000000000
000000000010000000000000000000000000000010000000000
000000000010001000010000000000010000100010000000000
000000000001101000010000010000010000101100000000000
000000000000000000000000101000000000000000000000000
000000000001101000010000010000010000101100000000000
000000000010001000010000000000010000100010000000000
000000000010000000000000000000000000000010000000000
000000000010001000000000000000000000100010000000000
000000000001001000010000000000010000100100000000000
000000000000111000001001101100100000111000000000000
000000000000000000000000000000000000000000000000000
000000000000000000000000000000000000000000000000000
000000000000000000000000000000000000000000000000000
000000000000000000000000000000000000000000000000000
000000000000000000011101101101110000000000000000000
000000000000000000010000000000010000000000000000000
000000000000000000010000101000010000000000000000000
000000000000000000001000101000100000000000000000000
000000000000000000000111000111000000000000000000000
000000000000000000000000000000000000000000000000000
000000000000000000000000000000000000000000000000000
000000000000000000000000000000000000000000000000000
000000000000000000000000000000000000000000000000000
000000000000000000000000000000000000000000000000000
000000000000000000000000000000000000000000000000000
000000000000000000000000000000000000000000000000000
000000000000000000000000000000000000000000000000000
000000000000000000000000000000000000000000000000000
000000000000000000000000000000000000000000000000000
