000000000000000000000000000000000000000000000000000
000000000000000000000000000000000000000000000000000
000000000000000000000000000000000000000000000000000
000000000000000000000000000000000000000000000000000
000000000000000000000000000000000000000000000000000
000000000000000000000000000000000000000000000000000
000000000000000000000000000000000000000000000000000
000000000000000000000000000000000000000000000000000
000000000000000000000000000000000000000000000000000
000000000000000000000000000000000000000000000000000
000000000000000000000000000000000000000000000000000
000000000000000000000010000010000000000000000000000
000000000000000000000010000010000000000000000000000
000000000000000001110001000100011100000000000000000
000000000000000010111111101111111010000000000000000
000000000000000001111110101011111100000000000000000
000000000000001000000000010000000000100000000000000
000000000000010100000000000000000001010000000000000
000000000000011100000010000010000001110000000000000
000000000000011100000010000010000001110000000000000
000000000000001100000001000100000001100000000000000
000000000000001100000001010100000001100000000000000
000000000001101100110000000000011001101100000000000
000000000000011000001100000001100000110000000000000
000000000000001100000000010000000001100000000000000
000000000000000010000100101001000010000000000000000
000000000000001100000000010000000001100000000000000
000000000000011000001100000001100000110000000000000
000000000001101100110000000000011001101100000000000
000000000000001100000001010100000001100000000000000
000000000000001100000001000100000001100000000000000
000000000000011100000010000010000001110000000000000
000000000000011100000010000010000001110000000000000
000000000000010100000000000000000001010000000000000
000000000000001000000000010000000000100000000000000
000000000000000001111110101011111100000000000000000
000000000000000010111111101111111010000000000000000
000000000000000001110001000100011100000000000000000
000000000000000000000010000010000000000000000000000
000000000000000000000010000010000000000000000000000
000000000000000000000000000000000000000000000000000
000000000000000000000000000000000000000000000000000
000000000000000000000000000000000000000000000000000
000000000000000000000000000000000000000000000000000
000000000000000000000000000000000000000000000000000
000000000000000000000000000000000000000000000000000
000000000000000000000000000000000000000000000000000
000000000000000000000000000000000000000000000000000
000000000000000000000000000000000000000000000000000
000000000000000000000000000000000000000000000000000
000000000000000000000000000000000000000000000000000
