000000000000000000001110000011100000000000000000000
000000000000000000001110000011100000000000000000000
000000000000000000011010000010110000000000000000000
000000000000000000011001000100110000000000000000000
000000000000000000011111000111110000000000000000000
000000000000000000110001000100011000000000000000000
000000000000000000000000000000000000000000000000000
000000000000000000000000000000000000000000000000000
000000000000000000000000000000000000000000000000000
000000000000000000000000000000000000000000000000000
000000000000000000010000000000010000000000000000000
000000000000000000010000000000010000000000000000000
000000000000000000000000000000000000000000000000000
000000000000000000000000000000000000000000000000000
000000000000000000000000000000000000000000000000000
000000000000000000001000000000100000000000000000000
000000000000000000010100000001010000000000000000000
000000000000000000010010000010010000000000000000000
000001000000000000001100000001100000000000000100000
001111000011000011000000000000000110000110000111100
111110000000000100100000000000001001000000000011111
110010000000000010100000000000001010000000000010011
111010000000000001000000000000000100000000000010111
000111000000000000000000000000000000000000000111000
000000000000000000000000010000000000000000000000000
000000000000000000000000101000000000000000000000000
000000000000000000000000010000000000000000000000000
000111000000000000000000000000000000000000000111000
111010000000000001000000000000000100000000000010111
110010000000000010100000000000001010000000000010011
111110000000000100100000000000001001000000000011111
001111000011000011000000000000000110000110000111100
000001000000000000001100000001100000000000000100000
000000000000000000010010000010010000000000000000000
000000000000000000010100000001010000000000000000000
000000000000000000001000000000100000000000000000000
000000000000000000000000000000000000000000000000000
000000000000000000000000000000000000000000000000000
000000000000000000000000000000000000000000000000000
000000000000000000010000000000010000000000000000000
000000000000000000010000000000010000000000000000000
000000000000000000000000000000000000000000000000000
000000000000000000000000000000000000000000000000000
000000000000000000000000000000000000000000000000000
000000000000000000000000000000000000000000000000000
000000000000000000110001000100011000000000000000000
000000000000000000011111000111110000000000000000000
000000000000000000011001000100110000000000000000000
000000000000000000011010000010110000000000000000000
000000000000000000001110000011100000000000000000000
000000000000000000001110000011100000000000000000000
