000000000000000000000000000000000000000000000000000
000000000000000000000000000000000000000000000000000
000000000000000000000000000000000000000000000000000
000000000000000000000000000000000000000000000000000
000000000000000000000000000000000000000000000000000
000000000000000000000000000000000000000000000000000
000000000000000000000000000000000000000000000000000
000000000000000000000000000000000000000000000000000
000000000000000000000000000000000000000000000000000
000000000000000000000000000000000000000000000000000
000000000000000000000000000000000000000000000000000
000000000000000000000000000000000000000000000000000
000000000000000000000000000000000000000000000000000
000000000000000000000000000000000000000000000000000
000000000000000000000000000000000000000000000000000
000000000000000000001100000001100000000000000000000
000000000000000000010010000010010000000000000000000
000000000000000000010100000001010000000000000000000
000000000000000000100100000001001000000000000000000
000000000000000011001000000000100110000000000000000
000000000000000100010000010000010001000000000000000
000000000000000101100000000000001101000000000000000
000000000000000010000010101010000010000000000000000
000000000000000000000000111000000000000000000000000
000000000000000000000011000110000000000000000000000
000000000000000000001001000100100000000000000000000
000000000000000000000011000110000000000000000000000
000000000000000000000000111000000000000000000000000
000000000000000010000010101010000010000000000000000
000000000000000101100000000000001101000000000000000
000000000000000100010000010000010001000000000000000
000000000000000011001000000000100110000000000000000
000000000000000000100100000001001000000000000000000
000000000000000000010100000001010000000000000000000
000000000000000000010010000010010000000000000000000
000000000000000000001100000001100000000000000000000
000000000000000000000000000000000000000000000000000
000000000000000000000000000000000000000000000000000
000000000000000000000000000000000000000000000000000
000000000000000000000000000000000000000000000000000
000000000000000000000000000000000000000000000000000
000000000000000000000000000000000000000000000000000
000000000000000000000000000000000000000000000000000
000000000000000000000000000000000000000000000000000
000000000000000000000000000000000000000000000000000
000000000000000000000000000000000000000000000000000
000000000000000000000000000000000000000000000000000
000000000000000000000000000000000000000000000000000
000000000000000000000000000000000000000000000000000
000000000000000000000000000000000000000000000000000
000000000000000000000000000000000000000000000000000
