000000000000000000000000000000000000000000000000000
000000000000000000000000000000000000000000000000000
000000000000000000000000000000000000000000000000000
000000000000000000000000000000000000000000000000000
000000000000000000000000000000000000000000000000000
000000000000000000000000000000000000000000000000000
000000000000000000000000000000000000000000000000000
000000000000000000000000000000000000000000000000000
000000000000000000000000000000000000000000000000000
000000000000000000000000000000000000000000000000000
000000000000000000000000000000000000000000000000000
000000000000000000000000000000000000000000000000000
000000000000000010000000000000000010000000000000000
000000000000000010000000000000000010000000000000000
000000000000000000010110101011010000000000000000000
000000000000000000100000000000001000000000000000000
000000000000110001000000000000000100011000000000000
000000000000000010100011010110001010000000000000000
000000000000000101010000000000010101000000000000000
000000000000001000100000000000001000100000000000000
000000000000000000000000000000000000000000000000000
000000000000001000000000000000000000100000000000000
000000000000001001000000000000000100100000000000000
000000000000000001000000000000000100000000000000000
000000000000001000000000010000000000100000000000000
000000000000000001000000101000000100000000000000000
000000000000001000000000010000000000100000000000000
000000000000000001000000000000000100000000000000000
000000000000001001000000000000000100100000000000000
000000000000001000000000000000000000100000000000000
000000000000000000000000000000000000000000000000000
000000000000001000100000000000001000100000000000000
000000000000000101010000000000010101000000000000000
000000000000000010100011010110001010000000000000000
000000000000110001000000000000000100011000000000000
000000000000000000100000000000001000000000000000000
000000000000000000010110101011010000000000000000000
000000000000000010000000000000000010000000000000000
000000000000000010000000000000000010000000000000000
000000000000000000000000000000000000000000000000000
000000000000000000000000000000000000000000000000000
000000000000000000000000000000000000000000000000000
000000000000000000000000000000000000000000000000000
000000000000000000000000000000000000000000000000000
000000000000000000000000000000000000000000000000000
000000000000000000000000000000000000000000000000000
000000000000000000000000000000000000000000000000000
000000000000000000000000000000000000000000000000000
000000000000000000000000000000000000000000000000000
000000000000000000000000000000000000000000000000000
000000000000000000000000000000000000000000000000000
