000000000000000000000000000000000000000000000000000
000000000000000000000000000000000000000000000000000
000000000000000000000000000000000000000000000000000
000000000000000000000000000000000000000000000000000
000000000000000000000000000000000000000000000000000
000000000000000000000000000000000000000000000000000
000000000000000000000000000000000000000000000000000
000000000000000000000000000000000000000000000000000
000000000000000000000000000000000000000000000000000
000000000000000000000000000000000000000000000000000
000000000000000000000000000000000000000000000000000
000000000000000000000000000000000000000000000000000
000000000000000000000000000000000000000000000000000
000000000000000000000000000000000000000000000000000
000000000000000000000000000000000000000000000000000
000000000000000011100111000111001110000000000000000
000000000000000100101001000100101001000000000000000
000000000000000100101000010000101001000000000000000
000000000000000111011000111000110111000000000000000
000000000000000000100011010110001000000000000000000
000000000000000011100000000000001110000000000000000
000000000000000100000000000000000001000000000000000
000000000000000100010000000000010001000000000000000
000000000000000110010000000000010011000000000000000
000000000000000000100000010000001000000000000000000
000000000000000001110000101000011100000000000000000
000000000000000000100000010000001000000000000000000
000000000000000110010000000000010011000000000000000
000000000000000100010000000000010001000000000000000
000000000000000100000000000000000001000000000000000
000000000000000011100000000000001110000000000000000
000000000000000000100011010110001000000000000000000
000000000000000111011000111000110111000000000000000
000000000000000100101000010000101001000000000000000
000000000000000100101001000100101001000000000000000
000000000000000011100111000111001110000000000000000
000000000000000000000000000000000000000000000000000
000000000000000000000000000000000000000000000000000
000000000000000000000000000000000000000000000000000
000000000000000000000000000000000000000000000000000
000000000000000000000000000000000000000000000000000
000000000000000000000000000000000000000000000000000
000000000000000000000000000000000000000000000000000
000000000000000000000000000000000000000000000000000
000000000000000000000000000000000000000000000000000
000000000000000000000000000000000000000000000000000
000000000000000000000000000000000000000000000000000
000000000000000000000000000000000000000000000000000
000000000000000000000000000000000000000000000000000
000000000000000000000000000000000000000000000000000
000000000000000000000000000000000000000000000000000
