000000000000000000000000000000000000000000000000000
000000000000000000000000000000000000000000000000000
000000000000000000000100000001000000000000000000000
000000000000000000001110000011100000000000000000000
000000000000000000011111000111110000000000000000000
000000000000000000101000000000101000000000000000000
000000000000000000110000000000011000000000000000000
000000000000000000000011000110000000000000000000000
000000000000000000000001000100000000000000000000000
000000000000000000011000000000110000000000000000000
000000000000000000011000000000110000000000000000000
000000000000000000011000000000110000000000000000000
000000000000000000000000000000000000000000000000000
000000000000000000000000000000000000000000000000000
000000000000000000000000000000000000000000000000000
000000000000000000001000000000100000000000000000000
000000000000000000010100000001010000000000000000000
000000000000000000010010000010010000000000000000000
000001100000000000001100000001100000000000001100000
000010100111000011000000000000000110000111001010000
000111000111000100100000000000001001000111000111000
001110000000000010100000000000001010000000000011100
000110010000000001000000000000000100000000010011000
000010011000000000000000000000000000000000110010000
000000000000000000000000010000000000000000000000000
000000000000000000000000101000000000000000000000000
000000000000000000000000010000000000000000000000000
000010011000000000000000000000000000000000110010000
000110010000000001000000000000000100000000010011000
001110000000000010100000000000001010000000000011100
000111000111000100100000000000001001000111000111000
000010100111000011000000000000000110000111001010000
000001100000000000001100000001100000000000001100000
000000000000000000010010000010010000000000000000000
000000000000000000010100000001010000000000000000000
000000000000000000001000000000100000000000000000000
000000000000000000000000000000000000000000000000000
000000000000000000000000000000000000000000000000000
000000000000000000000000000000000000000000000000000
000000000000000000011000000000110000000000000000000
000000000000000000011000000000110000000000000000000
000000000000000000011000000000110000000000000000000
000000000000000000000001000100000000000000000000000
000000000000000000000011000110000000000000000000000
000000000000000000110000000000011000000000000000000
000000000000000000101000000000101000000000000000000
000000000000000000011111000111110000000000000000000
000000000000000000001110000011100000000000000000000
000000000000000000000100000001000000000000000000000
000000000000000000000000000000000000000000000000000
000000000000000000000000000000000000000000000000000
