000000000000000000000000000000000000000000000000000
000000000000000000000000000000000000000000000000000
000000000000000000000000000000000000000000000000000
000000000000000000000000000000000000000000000000000
000000000000000000000000000000000000000000000000000
000000000000000000001110000011100000000000000000000
000000000000000000001110000011100000000000000000000
000000000000000000010001000100010000000000000000000
000000000000000000010110000011010000000000000000000
000000000000000000001110000011100000000000000000000
000000000000000000000000000000000000000000000000000
000000000000000000001000000000100000000000000000000
000000000000000000010100000001010000000000000000000
000000000000000000100010000010001000000000000000000
000000000000000000100010000010001000000000000000000
000000000000000001100010000010001100000000000000000
000000000000000001100110000011001100000000000000000
000000000000000110000100000001000011000000000000000
000000000000011110001000000000100011110000000000000
000000011000100000000000000000000000001000110000000
000001100101000000100000000000001000000101001100000
000001101100100011000000000000000110001001101100000
000001101100011110000000000000000011110001101100000
000000010000000000000000000000000000000000010000000
000000000000000000000000010000000000000000000000000
000000000000000000000000101000000000000000000000000
000000000000000000000000010000000000000000000000000
000000010000000000000000000000000000000000010000000
000001101100011110000000000000000011110001101100000
000001101100100011000000000000000110001001101100000
000001100101000000100000000000001000000101001100000
000000011000100000000000000000000000001000110000000
000000000000011110001000000000100011110000000000000
000000000000000110000100000001000011000000000000000
000000000000000001100110000011001100000000000000000
000000000000000001100010000010001100000000000000000
000000000000000000100010000010001000000000000000000
000000000000000000100010000010001000000000000000000
000000000000000000010100000001010000000000000000000
000000000000000000001000000000100000000000000000000
000000000000000000000000000000000000000000000000000
000000000000000000001110000011100000000000000000000
000000000000000000010110000011010000000000000000000
000000000000000000010001000100010000000000000000000
000000000000000000001110000011100000000000000000000
000000000000000000001110000011100000000000000000000
000000000000000000000000000000000000000000000000000
000000000000000000000000000000000000000000000000000
000000000000000000000000000000000000000000000000000
000000000000000000000000000000000000000000000000000
000000000000000000000000000000000000000000000000000
