000000000000000000000000000000000000000000000000000
000000000000000000000000000000000000000000000000000
000000000000000000000000000000000000000000000000000
000000000000000000000000000000000000000000000000000
000000000000000000000100000001000000000000000000000
000000000000000000001010000010100000000000000000000
000000000000000000010001000100010000000000000000000
000000000000000000010001000100010000000000000000000
000000000000000000010001000100010000000000000000000
000000000000000000001010000010100000000000000000000
000000000000000000001000000000100000000000000000000
000000000000000000001000000000100000000000000000000
000000000000000000011100000001110000000000000000000
000000000000000000110110000011011000000000000000000
000000000000000000110111000111011000000000000000000
000000000000000000010011000110010000000000000000000
000000000000000000100110000011001000000000000000000
000000000000000000001110000011100000000000000000000
000000000000011010000000000000000010110000000000000
000000111000111100000000000000000001111000111000000
000001000111100001000000000000000100001111000100000
000010000000111011000000000000000110111000000010000
000001000100011111000000000000000111110001000100000
000000111000001100000000000000000001100000111000000
000000000000000000000000010000000000000000000000000
000000000000000000000000101000000000000000000000000
000000000000000000000000010000000000000000000000000
000000111000001100000000000000000001100000111000000
000001000100011111000000000000000111110001000100000
000010000000111011000000000000000110111000000010000
000001000111100001000000000000000100001111000100000
000000111000111100000000000000000001111000111000000
000000000000011010000000000000000010110000000000000
000000000000000000001110000011100000000000000000000
000000000000000000100110000011001000000000000000000
000000000000000000010011000110010000000000000000000
000000000000000000110111000111011000000000000000000
000000000000000000110110000011011000000000000000000
000000000000000000011100000001110000000000000000000
000000000000000000001000000000100000000000000000000
000000000000000000001000000000100000000000000000000
000000000000000000001010000010100000000000000000000
000000000000000000010001000100010000000000000000000
000000000000000000010001000100010000000000000000000
000000000000000000010001000100010000000000000000000
000000000000000000001010000010100000000000000000000
000000000000000000000100000001000000000000000000000
000000000000000000000000000000000000000000000000000
000000000000000000000000000000000000000000000000000
000000000000000000000000000000000000000000000000000
000000000000000000000000000000000000000000000000000
