000000000000000000000000000000000000000000000000000
000000000000000000000000000000000000000000000000000
000000000000000000000000000000000000000000000000000
000000000000000000000000000000000000000000000000000
000000000000000000000000000000000000000000000000000
000000000000000000000000000000000000000000000000000
000000000000000000000000000000000000000000000000000
000000000000000000000000000000000000000000000000000
000000000000000000000000000000000000000000000000000
000000000000000000000000000000000000000000000000000
000000000000000000000000000000000000000000000000000
000000000000000000000011000110000000000000000000000
000000000000000000000001000100000000000000000000000
000000000000000000101101101101101000000000000000000
000000000000000011000001101100000110000000000000000
000000000000000011001000000000100110000000000000000
000000000000001100000100010001000001100000000000000
000000000000001100000000000000000001100000000000000
000000000000010000000010000010000000010000000000000
000000000000000000000010000010000000000000000000000
000000000000010100000010000010000001010000000000000
000000000000010010000000000000000010010000000000000
000000000001000000111001101100111000000100000000000
000000000001111000000010010010000000111100000000000
000000000000011000000010000010000000110000000000000
000000000000000010000001000100000010000000000000000
000000000000011000000010000010000000110000000000000
000000000001111000000010010010000000111100000000000
000000000001000000111001101100111000000100000000000
000000000000010010000000000000000010010000000000000
000000000000010100000010000010000001010000000000000
000000000000000000000010000010000000000000000000000
000000000000010000000010000010000000010000000000000
000000000000001100000000000000000001100000000000000
000000000000001100000100010001000001100000000000000
000000000000000011001000000000100110000000000000000
000000000000000011000001101100000110000000000000000
000000000000000000101101101101101000000000000000000
000000000000000000000001000100000000000000000000000
000000000000000000000011000110000000000000000000000
000000000000000000000000000000000000000000000000000
000000000000000000000000000000000000000000000000000
000000000000000000000000000000000000000000000000000
000000000000000000000000000000000000000000000000000
000000000000000000000000000000000000000000000000000
000000000000000000000000000000000000000000000000000
000000000000000000000000000000000000000000000000000
000000000000000000000000000000000000000000000000000
000000000000000000000000000000000000000000000000000
000000000000000000000000000000000000000000000000000
000000000000000000000000000000000000000000000000000
