000000000000000000000011101110000000000000000000000
000000000000000000000001101100000000000000000000000
000000000000000000000011101110000000000000000000000
000000000000000000000000000000000000000000000000000
000000000000000000111001101100111000000000000000000
000000000000000000001001101100100000000000000000000
000000000000000000000000000000000000000000000000000
000000000000000000000000000000000000000000000000000
000000000000000000000000000000000000000000000000000
000000000000000000000000000000000000000000000000000
000000000000000000000000000000000000000000000000000
000000000000000000000000000000000000000000000000000
000000000000000000000000000000000000000000000000000
000000000000000000000000000000000000000000000000000
000000000000000000000000000000000000000000000000000
000000000000000000001000000000100000000000000000000
000000000000000000010100000001010000000000000000000
000000000000000000010010000010010000000000000000000
000010000000000000001100000001100000000000000010000
000010000000000011000000000000000110000000000010000
000011000000000100100000000000001001000000000110000
000000000000000010100000000000001010000000000000000
101000000000000001000000000000000100000000000000101
111011000000000000000000000000000000000000000110111
111011000000000000000000010000000000000000000110111
000000000000000000000000101000000000000000000000000
111011000000000000000000010000000000000000000110111
111011000000000000000000000000000000000000000110111
101000000000000001000000000000000100000000000000101
000000000000000010100000000000001010000000000000000
000011000000000100100000000000001001000000000110000
000010000000000011000000000000000110000000000010000
000010000000000000001100000001100000000000000010000
000000000000000000010010000010010000000000000000000
000000000000000000010100000001010000000000000000000
000000000000000000001000000000100000000000000000000
000000000000000000000000000000000000000000000000000
000000000000000000000000000000000000000000000000000
000000000000000000000000000000000000000000000000000
000000000000000000000000000000000000000000000000000
000000000000000000000000000000000000000000000000000
000000000000000000000000000000000000000000000000000
000000000000000000000000000000000000000000000000000
000000000000000000000000000000000000000000000000000
000000000000000000000000000000000000000000000000000
000000000000000000001001101100100000000000000000000
000000000000000000111001101100111000000000000000000
000000000000000000000000000000000000000000000000000
000000000000000000000011101110000000000000000000000
000000000000000000000001101100000000000000000000000
000000000000000000000011101110000000000000000000000
