000000000000000000000000000000000000000000000000000
000000000000000000000000000000000000000000000000000
000000000000000000000000000000000000000000000000000
000000000000000000000000000000000000000000000000000
000000000000000000000000000000000000000000000000000
000000000000000000000000000000000000000000000000000
000000000000000000000000000000000000000000000000000
000000000000000000000000000000000000000000000000000
000000000000000000000000000000000000000000000000000
000000000000000000000000000000000000000000000000000
000000000000000000000000000000000000000000000000000
000000000000000000000000000000000000000000000000000
000000000000000000000001000100000000000000000000000
000000000000000001000000101000000100000000000000000
000000000000000011000001101100000110000000000000000
000000000000000001111000101000111100000000000000000
000000000000001000111000010000111000100000000000000
000000000000011100011000000000110001110000000000000
000000000000000110000000000000000011000000000000000
000000000000000111000010101010000111000000000000000
000000000000000111000010101010000111000000000000000
000000000000000000000000101000000000000000000000000
000000000000000000011000000000110000000000000000000
000000000000101000000000000000000000101000000000000
000000000000011100011100010001110001110000000000000
000000000000000010000000101000000010000000000000000
000000000000011100011100010001110001110000000000000
000000000000101000000000000000000000101000000000000
000000000000000000011000000000110000000000000000000
000000000000000000000000101000000000000000000000000
000000000000000111000010101010000111000000000000000
000000000000000111000010101010000111000000000000000
000000000000000110000000000000000011000000000000000
000000000000011100011000000000110001110000000000000
000000000000001000111000010000111000100000000000000
000000000000000001111000101000111100000000000000000
000000000000000011000001101100000110000000000000000
000000000000000001000000101000000100000000000000000
000000000000000000000001000100000000000000000000000
000000000000000000000000000000000000000000000000000
000000000000000000000000000000000000000000000000000
000000000000000000000000000000000000000000000000000
000000000000000000000000000000000000000000000000000
000000000000000000000000000000000000000000000000000
000000000000000000000000000000000000000000000000000
000000000000000000000000000000000000000000000000000
000000000000000000000000000000000000000000000000000
000000000000000000000000000000000000000000000000000
000000000000000000000000000000000000000000000000000
000000000000000000000000000000000000000000000000000
000000000000000000000000000000000000000000000000000
