000000000000000000000000000000000000000000000000000
000000000000000000000000000000000000000000000000000
000000000000000000000000000000000000000000000000000
000000000000000000000000000000000000000000000000000
000000000000000000000000000000000000000000000000000
000000000000000000000000000000000000000000000000000
000000000000000000000000000000000000000000000000000
000000000000000000000000000000000000000000000000000
000000000000000000000000000000000000000000000000000
000000000000000000000000000000000000000000000000000
000000000000000000000000000000000000000000000000000
000000000000000000000000000000000000000000000000000
000000000000000000000000000000000000000000000000000
000000000000000000000000000000000000000000000000000
000000000000000000000100000001000000000000000000000
000000000000000001100010000010001100000000000000000
000000000000000010000010000010000010000000000000000
000000000000000100010110000011010001000000000000000
000000000000000100010000000000010001000000000000000
000000000000000001100001111100001100000000000000000
000000000000000000000000111000000000000000000000000
000000000000001001000001010100000100100000000000000
000000000000000111000001101100000111000000000000000
000000000000000000010111111111010000000000000000000
000000000000000000011011111110110000000000000000000
000000000000000000011101101101110000000000000000000
000000000000000000011011111110110000000000000000000
000000000000000000010111111111010000000000000000000
000000000000000111000001101100000111000000000000000
000000000000001001000001010100000100100000000000000
000000000000000000000000111000000000000000000000000
000000000000000001100001111100001100000000000000000
000000000000000100010000000000010001000000000000000
000000000000000100010110000011010001000000000000000
000000000000000010000010000010000010000000000000000
000000000000000001100010000010001100000000000000000
000000000000000000000100000001000000000000000000000
000000000000000000000000000000000000000000000000000
000000000000000000000000000000000000000000000000000
000000000000000000000000000000000000000000000000000
000000000000000000000000000000000000000000000000000
000000000000000000000000000000000000000000000000000
000000000000000000000000000000000000000000000000000
000000000000000000000000000000000000000000000000000
000000000000000000000000000000000000000000000000000
000000000000000000000000000000000000000000000000000
000000000000000000000000000000000000000000000000000
000000000000000000000000000000000000000000000000000
000000000000000000000000000000000000000000000000000
000000000000000000000000000000000000000000000000000
000000000000000000000000000000000000000000000000000
