000000000000000000000000000000000000000000000000000
000000000000000000000000000000000000000000000000000
000000000000000000000000000000000000000000000000000
000000000000000000000100000001000000000000000000000
000000000000000000001110000011100000000000000000000
000000000000000000011111000111110000000000000000000
000000000000000000110001101100011000000000000000000
000000000000000000000001101100000000000000000000000
000000000000000000000001000100000000000000000000000
000000000000000000000000000000000000000000000000000
000000000000000000111000000000111000000000000000000
000000000000000000001000000000100000000000000000000
000000000000000000000000000000000000000000000000000
000000000000000000000000000000000000000000000000000
000000000000000000000000000000000000000000000000000
000000000000000000000000000000000000000000000000000
000000000000000000011100000001110000000000000000000
000000000000000000010100000001010000000000000000000
000000100010000000001100000001100000000010001000000
000001100010000011000000000000000110000010001100000
000011000011000010100000000000001010000110000110000
000111000000000011100000000000001110000000000111000
000011000000000000000000000000000000000000000110000
000001111000000000000000000000000000000000111100000
000000110000000000000000010000000000000000011000000
000000000000000000000000101000000000000000000000000
000000110000000000000000010000000000000000011000000
000001111000000000000000000000000000000000111100000
000011000000000000000000000000000000000000000110000
000111000000000011100000000000001110000000000111000
000011000011000010100000000000001010000110000110000
000001100010000011000000000000000110000010001100000
000000100010000000001100000001100000000010001000000
000000000000000000010100000001010000000000000000000
000000000000000000011100000001110000000000000000000
000000000000000000000000000000000000000000000000000
000000000000000000000000000000000000000000000000000
000000000000000000000000000000000000000000000000000
000000000000000000000000000000000000000000000000000
000000000000000000001000000000100000000000000000000
000000000000000000111000000000111000000000000000000
000000000000000000000000000000000000000000000000000
000000000000000000000001000100000000000000000000000
000000000000000000000001101100000000000000000000000
000000000000000000110001101100011000000000000000000
000000000000000000011111000111110000000000000000000
000000000000000000001110000011100000000000000000000
000000000000000000000100000001000000000000000000000
000000000000000000000000000000000000000000000000000
000000000000000000000000000000000000000000000000000
000000000000000000000000000000000000000000000000000
