000000000000000000000000000000000000000000000000000
000000000000000000000000000000000000000000000000000
000000000000000000000000000000000000000000000000000
000000000000000000000000000000000000000000000000000
000000000000000000000000000000000000000000000000000
000000000000000000000000000000000000000000000000000
000000000000000000000000000000000000000000000000000
000000000000000000000000000000000000000000000000000
000000000000000000000000000000000000000000000000000
000000000000000000000000000000000000000000000000000
000000000000000000000000000000000000000000000000000
000000000000000000000000000000000000000000000000000
000000000000000000000010000010000000000000000000000
000000000000000000000101000101000000000000000000000
000000000000000000001101101101100000000000000000000
000000000000000000000000000000000000000000000000000
000000000000000000000000000000000000000000000000000
000000000000000000000000000000000000000000000000000
000000000000000000001101101101100000000000000000000
000000000000000000000101000101000000000000000000000
000000000000001000100010000010001000100000000000000
000000000000011000110000000000011000110000000000000
000000000000100000001000000000100000001000000000000
000000000000011000110000000000011000110000000000000
000000000000001000100000010000001000100000000000000
000000000000000000000000101000000000000000000000000
000000000000001000100000010000001000100000000000000
000000000000011000110000000000011000110000000000000
000000000000100000001000000000100000001000000000000
000000000000011000110000000000011000110000000000000
000000000000001000100010000010001000100000000000000
000000000000000000000101000101000000000000000000000
000000000000000000001101101101100000000000000000000
000000000000000000000000000000000000000000000000000
000000000000000000000000000000000000000000000000000
000000000000000000000000000000000000000000000000000
000000000000000000001101101101100000000000000000000
000000000000000000000101000101000000000000000000000
000000000000000000000010000010000000000000000000000
000000000000000000000000000000000000000000000000000
000000000000000000000000000000000000000000000000000
000000000000000000000000000000000000000000000000000
000000000000000000000000000000000000000000000000000
000000000000000000000000000000000000000000000000000
000000000000000000000000000000000000000000000000000
000000000000000000000000000000000000000000000000000
000000000000000000000000000000000000000000000000000
000000000000000000000000000000000000000000000000000
000000000000000000000000000000000000000000000000000
000000000000000000000000000000000000000000000000000
000000000000000000000000000000000000000000000000000
