000000000000000000000000000000000000000000000000000
000000000000000000000000000000000000000000000000000
000000000000000000000000000000000000000000000000000
000000000000000000000000000000000000000000000000000
000000000000000000000000000000000000000000000000000
000000000000000000000000000000000000000000000000000
000000000000000000000000000000000000000000000000000
000000000000000000000000000000000000000000000000000
000000000000000000000000000000000000000000000000000
000000000000000000000000000000000000000000000000000
000000000000000000000000000000000000000000000000000
000000000000000000000000000000000000000000000000000
000000000000000000000111000111000000000000000000000
000000000000000000000001000100000000000000000000000
000000000000000000110100000001011000000000000000000
000000000000000011010011000110010110000000000000000
000000000000000100000001000100000001000000000000000
000000000000000100000000111000000001000000000000000
000000000000001000000000101000000000100000000000000
000000000000001100000000101000000001100000000000000
000000000000000000000000101000000000000000000000000
000000000000101000000000101000000000101000000000000
000000000000100100000000111000000001001000000000000
000000000000110110000000000000000011011000000000000
000000000000000001111110000011111100000000000000000
000000000000000001000010000010000100000000000000000
000000000000000001111110000011111100000000000000000
000000000000110110000000000000000011011000000000000
000000000000100100000000111000000001001000000000000
000000000000101000000000101000000000101000000000000
000000000000000000000000101000000000000000000000000
000000000000001100000000101000000001100000000000000
000000000000001000000000101000000000100000000000000
000000000000000100000000111000000001000000000000000
000000000000000100000001000100000001000000000000000
000000000000000011010011000110010110000000000000000
000000000000000000110100000001011000000000000000000
000000000000000000000001000100000000000000000000000
000000000000000000000111000111000000000000000000000
000000000000000000000000000000000000000000000000000
000000000000000000000000000000000000000000000000000
000000000000000000000000000000000000000000000000000
000000000000000000000000000000000000000000000000000
000000000000000000000000000000000000000000000000000
000000000000000000000000000000000000000000000000000
000000000000000000000000000000000000000000000000000
000000000000000000000000000000000000000000000000000
000000000000000000000000000000000000000000000000000
000000000000000000000000000000000000000000000000000
000000000000000000000000000000000000000000000000000
000000000000000000000000000000000000000000000000000
