000000000000000000000000000000000000000000000000000
000000000000000000000000000000000000000000000000000
000000000000000000000000000000000000000000000000000
000000000000000000000000000000000000000000000000000
000000000000000000000000000000000000000000000000000
000000000000000000000000000000000000000000000000000
000000000000000000000000000000000000000000000000000
000000000000000000001110000011100000000000000000000
000000000000000000001010000010100000000000000000000
000000000000000000000001000100000000000000000000000
000000000000000000110010000010011000000000000000000
000000000000000110110110000011011011000000000000000
000000000000000000000000000000000000000000000000000
000000000000000000000000000000000000000000000000000
000000000000000000000000000000000000000000000000000
000000000001000000001000000000100000000100000000000
000000000001000001111000000000111100000100000000000
000000000000000010010000000000010010000000000000000
000000000011000010000000000000000010000110000000000
000000000011000011000000000000000110000110000000000
000000011000000110000000000000000011000000110000000
000000010001000000000000000000000000000100010000000
000000011011000000000000000000000000000110110000000
000000000100000000000000000000000000000001000000000
000000000000000000000000010000000000000000000000000
000000000000000000000000101000000000000000000000000
000000000000000000000000010000000000000000000000000
000000000100000000000000000000000000000001000000000
000000011011000000000000000000000000000110110000000
000000010001000000000000000000000000000100010000000
000000011000000110000000000000000011000000110000000
000000000011000011000000000000000110000110000000000
000000000011000010000000000000000010000110000000000
000000000000000010010000000000010010000000000000000
000000000001000001111000000000111100000100000000000
000000000001000000001000000000100000000100000000000
000000000000000000000000000000000000000000000000000
000000000000000000000000000000000000000000000000000
000000000000000000000000000000000000000000000000000
000000000000000110110110000011011011000000000000000
000000000000000000110010000010011000000000000000000
000000000000000000000001000100000000000000000000000
000000000000000000001010000010100000000000000000000
000000000000000000001110000011100000000000000000000
000000000000000000000000000000000000000000000000000
000000000000000000000000000000000000000000000000000
000000000000000000000000000000000000000000000000000
000000000000000000000000000000000000000000000000000
000000000000000000000000000000000000000000000000000
000000000000000000000000000000000000000000000000000
000000000000000000000000000000000000000000000000000
