000000000000000000000000000000000000000000000000000
000000000000000000000000000000000000000000000000000
000000000000000000000000000000000000000000000000000
000000000000000000000000000000000000000000000000000
000000000000000000000000000000000000000000000000000
000000000000000000000000000000000000000000000000000
000000000000000000000000000000000000000000000000000
000000000000000000000000000000000000000000000000000
000000000000000000000000000000000000000000000000000
000000000000000000000000000000000000000000000000000
000000000000000000000000000000000000000000000000000
000000000000000000000000000000000000000000000000000
000000000000000000000000000000000000000000000000000
000000000000000000000000000000000000000000000000000
000000000000000000000000000000000000000000000000000
000000000000000000001100000001100000000000000000000
000000000000000000110010000010011000000000000000000
000000000000000001000110000011000100000000000000000
000000000000000010000110000011000010000000000000000
000000000000000010000000000000000010000000000000000
000000000000000100000010101010000001000000000000000
000000000000000101100001010100001101000000000000000
000000000000000011101001101100101110000000000000000
000000000000000000000110000011000000000000000000000
000000000000000000001010000010100000000000000000000
000000000000000000000100000001000000000000000000000
000000000000000000001010000010100000000000000000000
000000000000000000000110000011000000000000000000000
000000000000000011101001101100101110000000000000000
000000000000000101100001010100001101000000000000000
000000000000000100000010101010000001000000000000000
000000000000000010000000000000000010000000000000000
000000000000000010000110000011000010000000000000000
000000000000000001000110000011000100000000000000000
000000000000000000110010000010011000000000000000000
000000000000000000001100000001100000000000000000000
000000000000000000000000000000000000000000000000000
000000000000000000000000000000000000000000000000000
000000000000000000000000000000000000000000000000000
000000000000000000000000000000000000000000000000000
000000000000000000000000000000000000000000000000000
000000000000000000000000000000000000000000000000000
000000000000000000000000000000000000000000000000000
000000000000000000000000000000000000000000000000000
000000000000000000000000000000000000000000000000000
000000000000000000000000000000000000000000000000000
000000000000000000000000000000000000000000000000000
000000000000000000000000000000000000000000000000000
000000000000000000000000000000000000000000000000000
000000000000000000000000000000000000000000000000000
000000000000000000000000000000000000000000000000000
