000000000000000000000000000000000000000000000000000
000000000000000000000000000000000000000000000000000
000000000000000000000000000000000000000000000000000
000000000000000000000000000000000000000000000000000
000000000000000000000000000000000000000000000000000
000000000000000000000000000000000000000000000000000
000000000000000000000000000000000000000000000000000
000000000000000000000000000000000000000000000000000
000000000000000000000000000000000000000000000000000
000000000000000000000000000000000000000000000000000
000000000000000000000000000000000000000000000000000
000000000000000000000000000000000000000000000000000
000000000000000000000000000000000000000000000000000
000000000000000000000000000000000000000000000000000
000000000000000000001100000001100000000000000000000
000000000000000000111100000001111000000000000000000
000000000000000001100010000010001100000000000000000
000000000000000011010100000001010110000000000000000
000000000000000110011100000001110011000000000000000
000000000000000101100110010011001101000000000000000
000000000000001100100110111011001001100000000000000
000000000000001101111101000101111101100000000000000
000000000000000010011001000100110010000000000000000
000000000000000000000110000011000000000000000000000
000000000000000000001000000000100000000000000000000
000000000000000000011000000000110000000000000000000
000000000000000000001000000000100000000000000000000
000000000000000000000110000011000000000000000000000
000000000000000010011001000100110010000000000000000
000000000000001101111101000101111101100000000000000
000000000000001100100110111011001001100000000000000
000000000000000101100110010011001101000000000000000
000000000000000110011100000001110011000000000000000
000000000000000011010100000001010110000000000000000
000000000000000001100010000010001100000000000000000
000000000000000000111100000001111000000000000000000
000000000000000000001100000001100000000000000000000
000000000000000000000000000000000000000000000000000
000000000000000000000000000000000000000000000000000
000000000000000000000000000000000000000000000000000
000000000000000000000000000000000000000000000000000
000000000000000000000000000000000000000000000000000
000000000000000000000000000000000000000000000000000
000000000000000000000000000000000000000000000000000
000000000000000000000000000000000000000000000000000
000000000000000000000000000000000000000000000000000
000000000000000000000000000000000000000000000000000
000000000000000000000000000000000000000000000000000
000000000000000000000000000000000000000000000000000
000000000000000000000000000000000000000000000000000
000000000000000000000000000000000000000000000000000
