000000000000000000000000000000000000000000000000000
000000000000000000000000000000000000000000000000000
000000000000000000000000000000000000000000000000000
000000000000000000000000000000000000000000000000000
000000000000000000000000000000000000000000000000000
000000000000000000000000000000000000000000000000000
000000000000000000000000000000000000000000000000000
000000000000000000000000000000000000000000000000000
000000000000000000000000000000000000000000000000000
000000000000000000000000000000000000000000000000000
000000000000000000000010000010000000000000000000000
000000000000000000000111000111000000000000000000000
000000000000000000001101101101100000000000000000000
000000000000000000011000101000110000000000000000000
000000000000000000001101101101100000000000000000000
000000000000000000000000000000000000000000000000000
000000000000000000000000000000000000000000000000000
000000000000000000000000000000000000000000000000000
000000000000000000000001101100000000000000000000000
000000000000010000001100000001100000010000000000000
000000000000111000010000101000010000111000000000000
000000000001101000010000101000010000101100000000000
000000000011000000000000000000000000000110000000000
000000000001101000100000000000001000101100000000000
000000000000111000101100010001101000111000000000000
000000000000000000000000101000000000000000000000000
000000000000111000101100010001101000111000000000000
000000000001101000100000000000001000101100000000000
000000000011000000000000000000000000000110000000000
000000000001101000010000101000010000101100000000000
000000000000111000010000101000010000111000000000000
000000000000010000001100000001100000010000000000000
000000000000000000000001101100000000000000000000000
000000000000000000000000000000000000000000000000000
000000000000000000000000000000000000000000000000000
000000000000000000000000000000000000000000000000000
000000000000000000001101101101100000000000000000000
000000000000000000011000101000110000000000000000000
000000000000000000001101101101100000000000000000000
000000000000000000000111000111000000000000000000000
000000000000000000000010000010000000000000000000000
000000000000000000000000000000000000000000000000000
000000000000000000000000000000000000000000000000000
000000000000000000000000000000000000000000000000000
000000000000000000000000000000000000000000000000000
000000000000000000000000000000000000000000000000000
000000000000000000000000000000000000000000000000000
000000000000000000000000000000000000000000000000000
000000000000000000000000000000000000000000000000000
000000000000000000000000000000000000000000000000000
000000000000000000000000000000000000000000000000000
