000000000000000000000000000000000000000000000000000
000000000000000000000000000000000000000000000000000
000000000000000000000000000000000000000000000000000
000000000000000000000000000000000000000000000000000
000000000000000000000000000000000000000000000000000
000000000000000000000000000000000000000000000000000
000000000000000000000000000000000000000000000000000
000000000000000000000000000000000000000000000000000
000000000000000000000110000011000000000000000000000
000000000000000000001001000100100000000000000000000
000000000000000000001010000010100000000000000000000
000000000000000000110100000001011000000000000000000
000000000000000001011000000000110100000000000000000
000000000000000011010000000000010110000000000000000
000000000000000001101000000000101100000000000000000
000000000000000000111000000000111000000000000000000
000000000000010000000000000000000000010000000000000
000000000000111000000000000000000000111000000000000
000000000001001100000000000000000001100100000000000
000000000001110100000000000000000001011100000000000
000000000110101100000000000000000001101011000000000
000000001001000000000000000000000000000100100000000
000000001010000000000000000000000000000010100000000
000000000100000000000000000000000000000001000000000
000000000000000000000000010000000000000000000000000
000000000000000000000000101000000000000000000000000
000000000000000000000000010000000000000000000000000
000000000100000000000000000000000000000001000000000
000000001010000000000000000000000000000010100000000
000000001001000000000000000000000000000100100000000
000000000110101100000000000000000001101011000000000
000000000001110100000000000000000001011100000000000
000000000001001100000000000000000001100100000000000
000000000000111000000000000000000000111000000000000
000000000000010000000000000000000000010000000000000
000000000000000000111000000000111000000000000000000
000000000000000001101000000000101100000000000000000
000000000000000011010000000000010110000000000000000
000000000000000001011000000000110100000000000000000
000000000000000000110100000001011000000000000000000
000000000000000000001010000010100000000000000000000
000000000000000000001001000100100000000000000000000
000000000000000000000110000011000000000000000000000
000000000000000000000000000000000000000000000000000
000000000000000000000000000000000000000000000000000
000000000000000000000000000000000000000000000000000
000000000000000000000000000000000000000000000000000
000000000000000000000000000000000000000000000000000
000000000000000000000000000000000000000000000000000
000000000000000000000000000000000000000000000000000
000000000000000000000000000000000000000000000000000
