000000000000000000000000000000000000000000000000000
000000000000000000000000000000000000000000000000000
000000000000000000000000000000000000000000000000000
000000000000000000000000000000000000000000000000000
000000000000000000000000000000000000000000000000000
000000000000000000000000000000000000000000000000000
000000000000000000000000000000000000000000000000000
000000000000000000000000000000000000000000000000000
000000000000000000000000000000000000000000000000000
000000000000000000000000000000000000000000000000000
000000000000000000000000000000000000000000000000000
000000000000000000000011000110000000000000000000000
000000000000000000000100000001000000000000000000000
000000000000000001000000000000000100000000000000000
000000000000000010111111101111111010000000000000000
000000000000000001000000111000000100000000000000000
000000000000001000000000000000000000100000000000000
000000000000010100000000000000000001010000000000000
000000000000001000000000000000000000100000000000000
000000000000001000000111000111000000100000000000000
000000000000001000000000000000000000100000000000000
000000000000101000010001000100010000101000000000000
000000000001001000010001111100010000100100000000000
000000000001001000010110111011010000100100000000000
000000000000001100000011000110000001100000000000000
000000000000000100000011000110000001000000000000000
000000000000001100000011000110000001100000000000000
000000000001001000010110111011010000100100000000000
000000000001001000010001111100010000100100000000000
000000000000101000010001000100010000101000000000000
000000000000001000000000000000000000100000000000000
000000000000001000000111000111000000100000000000000
000000000000001000000000000000000000100000000000000
000000000000010100000000000000000001010000000000000
000000000000001000000000000000000000100000000000000
000000000000000001000000111000000100000000000000000
000000000000000010111111101111111010000000000000000
000000000000000001000000000000000100000000000000000
000000000000000000000100000001000000000000000000000
000000000000000000000011000110000000000000000000000
000000000000000000000000000000000000000000000000000
000000000000000000000000000000000000000000000000000
000000000000000000000000000000000000000000000000000
000000000000000000000000000000000000000000000000000
000000000000000000000000000000000000000000000000000
000000000000000000000000000000000000000000000000000
000000000000000000000000000000000000000000000000000
000000000000000000000000000000000000000000000000000
000000000000000000000000000000000000000000000000000
000000000000000000000000000000000000000000000000000
000000000000000000000000000000000000000000000000000
