000000000000000000000000000000000000000000000000000
000000000000000000000000000000000000000000000000000
000000000000000000000000000000000000000000000000000
000000000000000000000000000000000000000000000000000
000000000000000000000000000000000000000000000000000
000000000000000000000000000000000000000000000000000
000000000000000000000000000000000000000000000000000
000000000000000000000000000000000000000000000000000
000000000000000000000000000000000000000000000000000
000000000000000000000000000000000000000000000000000
000000000000000000000000000000000000000000000000000
000000000000000000000000000000000000000000000000000
000000000000000000000000000000000000000000000000000
000000000000000000000000000000000000000000000000000
000000000000000001000010000010000100000000000000000
000000000000000011110111000111011110000000000000000
000000000000000100101001101100101001000000000000000
000000000000001100101100010001101001100000000000000
000000000000000111001101000101100111000000000000000
000000000000000100000001010100000001000000000000000
000000000000000011100000000000001110000000000000000
000000000000000101100000000000001101000000000000000
000000000000001100000000000000000001100000000000000
000000000000000110110000000000011011000000000000000
000000000000000010000000111000000010000000000000000
000000000000000001010000101000010100000000000000000
000000000000000010000000111000000010000000000000000
000000000000000110110000000000011011000000000000000
000000000000001100000000000000000001100000000000000
000000000000000101100000000000001101000000000000000
000000000000000011100000000000001110000000000000000
000000000000000100000001010100000001000000000000000
000000000000000111001101000101100111000000000000000
000000000000001100101100010001101001100000000000000
000000000000000100101001101100101001000000000000000
000000000000000011110111000111011110000000000000000
000000000000000001000010000010000100000000000000000
000000000000000000000000000000000000000000000000000
000000000000000000000000000000000000000000000000000
000000000000000000000000000000000000000000000000000
000000000000000000000000000000000000000000000000000
000000000000000000000000000000000000000000000000000
000000000000000000000000000000000000000000000000000
000000000000000000000000000000000000000000000000000
000000000000000000000000000000000000000000000000000
000000000000000000000000000000000000000000000000000
000000000000000000000000000000000000000000000000000
000000000000000000000000000000000000000000000000000
000000000000000000000000000000000000000000000000000
000000000000000000000000000000000000000000000000000
000000000000000000000000000000000000000000000000000
