000000000000000000000000000000000000000000000000000
000000000000000000000000000000000000000000000000000
000000000000000000000000000000000000000000000000000
000000000000000000000000000000000000000000000000000
000000000000000000000000000000000000000000000000000
000000000000000000000000000000000000000000000000000
000000000000000000001110000011100000000000000000000
000000000000000000010001000100010000000000000000000
000000000000000000010110000011010000000000000000000
000000000000000000001000000000100000000000000000000
000000000000000000000000000000000000000000000000000
000000000000000000001000000000100000000000000000000
000000000000000000000100000001000000000000000000000
000000000000000000101000000000101000000000000000000
000000000000000000001000000000100000000000000000000
000000000000000000111000000000111000000000000000000
000000000000000000100100000001001000000000000000000
000000000000000000010100000001010000000000000000000
000000000000010110011000000000110011010000000000000
000000011000000101100000000000001101000000110000000
000000100101011100100000000000001001110101001000000
000000101000100011000000000000000110001000101000000
000000101000000000000000000000000000000000101000000
000000010000000000000000000000000000000000010000000
000000000000000000000000010000000000000000000000000
000000000000000000000000101000000000000000000000000
000000000000000000000000010000000000000000000000000
000000010000000000000000000000000000000000010000000
000000101000000000000000000000000000000000101000000
000000101000100011000000000000000110001000101000000
000000100101011100100000000000001001110101001000000
000000011000000101100000000000001101000000110000000
000000000000010110011000000000110011010000000000000
000000000000000000010100000001010000000000000000000
000000000000000000100100000001001000000000000000000
000000000000000000111000000000111000000000000000000
000000000000000000001000000000100000000000000000000
000000000000000000101000000000101000000000000000000
000000000000000000000100000001000000000000000000000
000000000000000000001000000000100000000000000000000
000000000000000000000000000000000000000000000000000
000000000000000000001000000000100000000000000000000
000000000000000000010110000011010000000000000000000
000000000000000000010001000100010000000000000000000
000000000000000000001110000011100000000000000000000
000000000000000000000000000000000000000000000000000
000000000000000000000000000000000000000000000000000
000000000000000000000000000000000000000000000000000
000000000000000000000000000000000000000000000000000
000000000000000000000000000000000000000000000000000
000000000000000000000000000000000000000000000000000
