000000000000000000000000000000000000000000000000000
000000000000000000000000000000000000000000000000000
000000000000000000000000000000000000000000000000000
000000000000000000000000000000000000000000000000000
000000000000000000000000000000000000000000000000000
000000000000000000000000000000000000000000000000000
000000000000000000000000000000000000000000000000000
000000000000000000000000000000000000000000000000000
000000000000000000000000000000000000000000000000000
000000000000000000000000000000000000000000000000000
000000000000000000000000000000000000000000000000000
000000000000000000000000000000000000000000000000000
000000000000000000000010000010000000000000000000000
000000000000000000001101101101100000000000000000000
000000000000000000001101101101100000000000000000000
000000000000000000000000000000000000000000000000000
000000000000000000000000000000000000000000000000000
000000000000000000000000000000000000000000000000000
000000000000000000001101101101100000000000000000000
000000000000000000001101101101100000000000000000000
000000000000011000110010000010011000110000000000000
000000000000011000110000000000011000110000000000000
000000000000100000001000000000100000001000000000000
000000000000011000110000000000011000110000000000000
000000000000011000110000010000011000110000000000000
000000000000000000000000101000000000000000000000000
000000000000011000110000010000011000110000000000000
000000000000011000110000000000011000110000000000000
000000000000100000001000000000100000001000000000000
000000000000011000110000000000011000110000000000000
000000000000011000110010000010011000110000000000000
000000000000000000001101101101100000000000000000000
000000000000000000001101101101100000000000000000000
000000000000000000000000000000000000000000000000000
000000000000000000000000000000000000000000000000000
000000000000000000000000000000000000000000000000000
000000000000000000001101101101100000000000000000000
000000000000000000001101101101100000000000000000000
000000000000000000000010000010000000000000000000000
000000000000000000000000000000000000000000000000000
000000000000000000000000000000000000000000000000000
000000000000000000000000000000000000000000000000000
000000000000000000000000000000000000000000000000000
000000000000000000000000000000000000000000000000000
000000000000000000000000000000000000000000000000000
000000000000000000000000000000000000000000000000000
000000000000000000000000000000000000000000000000000
000000000000000000000000000000000000000000000000000
000000000000000000000000000000000000000000000000000
000000000000000000000000000000000000000000000000000
000000000000000000000000000000000000000000000000000
