000000000000000000000000000000000000000000000000000
000000000000000000000000000000000000000000000000000
000000000000000000000000000000000000000000000000000
000000000000000000000000000000000000000000000000000
000000000000000000000000000000000000000000000000000
000000000000000000000000000000000000000000000000000
000000000000000000000000000000000000000000000000000
000000000000000000000000000000000000000000000000000
000000000000000000000000000000000000000000000000000
000000000000000000000000000000000000000000000000000
000000000000000000000000000000000000000000000000000
000000000000000000000000000000000000000000000000000
000000000000000000000000000000000000000000000000000
000000000000000000000000000000000000000000000000000
000000000000000000000000000000000000000000000000000
000000000000000000000100000001000000000000000000000
000000000000000000001110000011100000000000000000000
000000000000000000010011000110010000000000000000000
000000000000000000011100000001110000000000000000000
000000000000000001100000000000001100000000000000000
000000000000000010100000000000001010000000000000000
000000000000000110100000000000001011000000000000000
000000000000000011000000111000000110000000000000000
000000000000000001000001111100000100000000000000000
000000000000000000000011010110000000000000000000000
000000000000000000000011101110000000000000000000000
000000000000000000000011010110000000000000000000000
000000000000000001000001111100000100000000000000000
000000000000000011000000111000000110000000000000000
000000000000000110100000000000001011000000000000000
000000000000000010100000000000001010000000000000000
000000000000000001100000000000001100000000000000000
000000000000000000011100000001110000000000000000000
000000000000000000010011000110010000000000000000000
000000000000000000001110000011100000000000000000000
000000000000000000000100000001000000000000000000000
000000000000000000000000000000000000000000000000000
000000000000000000000000000000000000000000000000000
000000000000000000000000000000000000000000000000000
000000000000000000000000000000000000000000000000000
000000000000000000000000000000000000000000000000000
000000000000000000000000000000000000000000000000000
000000000000000000000000000000000000000000000000000
000000000000000000000000000000000000000000000000000
000000000000000000000000000000000000000000000000000
000000000000000000000000000000000000000000000000000
000000000000000000000000000000000000000000000000000
000000000000000000000000000000000000000000000000000
000000000000000000000000000000000000000000000000000
000000000000000000000000000000000000000000000000000
000000000000000000000000000000000000000000000000000
