000000000000000000000000000000000000000000000000000
000000000000000000000000000000000000000000000000000
000000000000000000000000000000000000000000000000000
000000000000000000000000000000000000000000000000000
000000000000000000000000000000000000000000000000000
000000000000000000000000000000000000000000000000000
000000000000000000000000000000000000000000000000000
000000000000000000000000000000000000000000000000000
000000000000000000000000000000000000000000000000000
000000000000000000000000000000000000000000000000000
000000000000000000000000000000000000000000000000000
000000000000000000000000000000000000000000000000000
000000000000000000000000000000000000000000000000000
000000000000000000000000000000000000000000000000000
000000000000000000000000000000000000000000000000000
000000000000000000000000000000000000000000000000000
000000000000000000000000000000000000000000000000000
000000000000000000000110000011000000000000000000000
000000000000000000010001000100010000000000000000000
000000000000000000100000000000001000000000000000000
000000000000000000000000010000000000000000000000000
000000000000000001000111111111000100000000000000000
000000000000000001000101000101000100000000000000000
000000000000000000100110000011001000000000000000000
000000000000000000000100000001000000000000000000000
000000000000000000001100000001100000000000000000000
000000000000000000000100000001000000000000000000000
000000000000000000100110000011001000000000000000000
000000000000000001000101000101000100000000000000000
000000000000000001000111111111000100000000000000000
000000000000000000000000010000000000000000000000000
000000000000000000100000000000001000000000000000000
000000000000000000010001000100010000000000000000000
000000000000000000000110000011000000000000000000000
000000000000000000000000000000000000000000000000000
000000000000000000000000000000000000000000000000000
000000000000000000000000000000000000000000000000000
000000000000000000000000000000000000000000000000000
000000000000000000000000000000000000000000000000000
000000000000000000000000000000000000000000000000000
000000000000000000000000000000000000000000000000000
000000000000000000000000000000000000000000000000000
000000000000000000000000000000000000000000000000000
000000000000000000000000000000000000000000000000000
000000000000000000000000000000000000000000000000000
000000000000000000000000000000000000000000000000000
000000000000000000000000000000000000000000000000000
000000000000000000000000000000000000000000000000000
000000000000000000000000000000000000000000000000000
000000000000000000000000000000000000000000000000000
000000000000000000000000000000000000000000000000000
