000000000000000000000000000000000000000000000000000
000000000000000000000000000000000000000000000000000
000000000000000000000000000000000000000000000000000
000000000000000000000000000000000000000000000000000
000000000000000000000000000000000000000000000000000
000000000000000000000000000000000000000000000000000
000000000000000000000000000000000000000000000000000
000000000000000000000000000000000000000000000000000
000000000000000000000000000000000000000000000000000
000000000000000000000000000000000000000000000000000
000000000000000000000000000000000000000000000000000
000000000000000000000100000001000000000000000000000
000000000000000000001010000010100000000000000000000
000000000000000000000011000110000000000000000000000
000000000000000000010000101000010000000000000000000
000000000000000000100110101011001000000000000000000
000000000000000000100000000000001000000000000000000
000000000000000000000111101111000000000000000000000
000000000000000110000011101110000011000000000000000
000000000000001000000000000000000000100000000000000
000000000000100000000000000000000000001000000000000
000000000001000101000000000000000101000100000000000
000000000000110101100000000000001101011000000000000
000000000000010001100000000000001100010000000000000
000000000000001101100000000000001101100000000000000
000000000000000000000000000000000000000000000000000
000000000000001101100000000000001101100000000000000
000000000000010001100000000000001100010000000000000
000000000000110101100000000000001101011000000000000
000000000001000101000000000000000101000100000000000
000000000000100000000000000000000000001000000000000
000000000000001000000000000000000000100000000000000
000000000000000110000011101110000011000000000000000
000000000000000000000111101111000000000000000000000
000000000000000000100000000000001000000000000000000
000000000000000000100110101011001000000000000000000
000000000000000000010000101000010000000000000000000
000000000000000000000011000110000000000000000000000
000000000000000000001010000010100000000000000000000
000000000000000000000100000001000000000000000000000
000000000000000000000000000000000000000000000000000
000000000000000000000000000000000000000000000000000
000000000000000000000000000000000000000000000000000
000000000000000000000000000000000000000000000000000
000000000000000000000000000000000000000000000000000
000000000000000000000000000000000000000000000000000
000000000000000000000000000000000000000000000000000
000000000000000000000000000000000000000000000000000
000000000000000000000000000000000000000000000000000
000000000000000000000000000000000000000000000000000
000000000000000000000000000000000000000000000000000
