000000000000000000000000000000000000000000000000000
000000000000000000000000000000000000000000000000000
000000000000000000000000000000000000000000000000000
000000000000000000000000000000000000000000000000000
000000000000000000000000000000000000000000000000000
000000000000000000000000000000000000000000000000000
000000000000000000000000000000000000000000000000000
000000000000000000000000000000000000000000000000000
000000000000000000000000000000000000000000000000000
000000000000000000000000000000000000000000000000000
000000000000000000000000000000000000000000000000000
000000000000000000000000000000000000000000000000000
000000000000000000000000000000000000000000000000000
000000000000000000000000000000000000000000000000000
000000000000000000000000000000000000000000000000000
000000000000000000000000000000000000000000000000000
000000000000000000000100000001000000000000000000000
000000000000000000001110000011100000000000000000000
000000000000000000011010000010110000000000000000000
000000000000000000100000000000001000000000000000000
000000000000000001100000000000001100000000000000000
000000000000000011000000000000000110000000000000000
000000000000000001100000000000001100000000000000000
000000000000000000000001101100000000000000000000000
000000000000000000000001010100000000000000000000000
000000000000000000000000101000000000000000000000000
000000000000000000000001010100000000000000000000000
000000000000000000000001101100000000000000000000000
000000000000000001100000000000001100000000000000000
000000000000000011000000000000000110000000000000000
000000000000000001100000000000001100000000000000000
000000000000000000100000000000001000000000000000000
000000000000000000011010000010110000000000000000000
000000000000000000001110000011100000000000000000000
000000000000000000000100000001000000000000000000000
000000000000000000000000000000000000000000000000000
000000000000000000000000000000000000000000000000000
000000000000000000000000000000000000000000000000000
000000000000000000000000000000000000000000000000000
000000000000000000000000000000000000000000000000000
000000000000000000000000000000000000000000000000000
000000000000000000000000000000000000000000000000000
000000000000000000000000000000000000000000000000000
000000000000000000000000000000000000000000000000000
000000000000000000000000000000000000000000000000000
000000000000000000000000000000000000000000000000000
000000000000000000000000000000000000000000000000000
000000000000000000000000000000000000000000000000000
000000000000000000000000000000000000000000000000000
000000000000000000000000000000000000000000000000000
000000000000000000000000000000000000000000000000000
