000000000000000000000000000000000000000000000000000
000000000000000000000000000000000000000000000000000
000000000000000000000000000000000000000000000000000
000000000000000000000000000000000000000000000000000
000000000000000000000000000000000000000000000000000
000000000000000000000000000000000000000000000000000
000000000000000000000000000000000000000000000000000
000000000000000000000000000000000000000000000000000
000000000000000000000000000000000000000000000000000
000000000000000000000000000000000000000000000000000
000000000000000000000000000000000000000000000000000
000000000000000000000000000000000000000000000000000
000000000000000000001110000011100000000000000000000
000000000000000000001010000010100000000000000000000
000000000000000000011001000100110000000000000000000
000000000000000000010111101111010000000000000000000
000000000000000000101000101000101000000000000000000
000000000000000000111101101101111000000000000000000
000000000000000011010001000100010110000000000000000
000000000000001101100000000000001101100000000000000
000000000000111011000000000000000110111000000000000
000000000000100101000000000000000101001000000000000
000000000000110100000000000000000001011000000000000
000000000000001101100000000000001101100000000000000
000000000000000111000000000000000111000000000000000
000000000000000000000000000000000000000000000000000
000000000000000111000000000000000111000000000000000
000000000000001101100000000000001101100000000000000
000000000000110100000000000000000001011000000000000
000000000000100101000000000000000101001000000000000
000000000000111011000000000000000110111000000000000
000000000000001101100000000000001101100000000000000
000000000000000011010001000100010110000000000000000
000000000000000000111101101101111000000000000000000
000000000000000000101000101000101000000000000000000
000000000000000000010111101111010000000000000000000
000000000000000000011001000100110000000000000000000
000000000000000000001010000010100000000000000000000
000000000000000000001110000011100000000000000000000
000000000000000000000000000000000000000000000000000
000000000000000000000000000000000000000000000000000
000000000000000000000000000000000000000000000000000
000000000000000000000000000000000000000000000000000
000000000000000000000000000000000000000000000000000
000000000000000000000000000000000000000000000000000
000000000000000000000000000000000000000000000000000
000000000000000000000000000000000000000000000000000
000000000000000000000000000000000000000000000000000
000000000000000000000000000000000000000000000000000
000000000000000000000000000000000000000000000000000
000000000000000000000000000000000000000000000000000
