000000000000000000000000000000000000000000000000000
000000000000000000000000000000000000000000000000000
000000000000000000000000000000000000000000000000000
000000000000000000000000000000000000000000000000000
000000000000000000000000000000000000000000000000000
000000000000000000000000000000000000000000000000000
000000000000000000000000000000000000000000000000000
000000000000000000000000000000000000000000000000000
000000000000000000000000000000000000000000000000000
000000000000000000000000000000000000000000000000000
000000000000000000000000000000000000000000000000000
000000000000000000000000000000000000000000000000000
000000000000000000000000000000000000000000000000000
000000000000000000000000000000000000000000000000000
000000000000000000000000000000000000000000000000000
000000000000000000000000000000000000000000000000000
000000000000000000000000000000000000000000000000000
000000000000000000000100000001000000000000000000000
000000000000000000001011000110100000000000000000000
000000000000000000011000000000110000000000000000000
000000000000000000110000000000011000000000000000000
000000000000000001000000000000000100000000000000000
000000000000000000100000010000001000000000000000000
000000000000000000100000000000001000000000000000000
000000000000000000000000000000000000000000000000000
000000000000000000000010000010000000000000000000000
000000000000000000000000000000000000000000000000000
000000000000000000100000000000001000000000000000000
000000000000000000100000010000001000000000000000000
000000000000000001000000000000000100000000000000000
000000000000000000110000000000011000000000000000000
000000000000000000011000000000110000000000000000000
000000000000000000001011000110100000000000000000000
000000000000000000000100000001000000000000000000000
000000000000000000000000000000000000000000000000000
000000000000000000000000000000000000000000000000000
000000000000000000000000000000000000000000000000000
000000000000000000000000000000000000000000000000000
000000000000000000000000000000000000000000000000000
000000000000000000000000000000000000000000000000000
000000000000000000000000000000000000000000000000000
000000000000000000000000000000000000000000000000000
000000000000000000000000000000000000000000000000000
000000000000000000000000000000000000000000000000000
000000000000000000000000000000000000000000000000000
000000000000000000000000000000000000000000000000000
000000000000000000000000000000000000000000000000000
000000000000000000000000000000000000000000000000000
000000000000000000000000000000000000000000000000000
000000000000000000000000000000000000000000000000000
000000000000000000000000000000000000000000000000000
