000000000000000000000000000000000000000000000000000
000000000000000000000000000000000000000000000000000
000000000000000000000000000000000000000000000000000
000000000000000000000000000000000000000000000000000
000000000000000000000000000000000000000000000000000
000000000000000000000000000000000000000000000000000
000000000000000000000000000000000000000000000000000
000000000000000000000000000000000000000000000000000
000000000000000000000000000000000000000000000000000
000000000000000000000000000000000000000000000000000
000000000000000000000000000000000000000000000000000
000000000000000000000000000000000000000000000000000
000000000000000000000001000100000000000000000000000
000000000000000000000010101010000000000000000000000
000000000000000000000010101010000000000000000000000
000000000000000000000001000100000000000000000000000
000000000000000000000000000000000000000000000000000
000000000000000000000001000100000000000000000000000
000000000000000000000001000100000000000000000000000
000000000000000000000001000100000000000000000000000
000000000000000000000000000000000000000000000000000
000000000000000000000000000000000000000000000000000
000000000000011000000000000000000000110000000000000
000000000000100101110000000000011101001000000000000
000000000000011000000000000000000000110000000000000
000000000000000000000000000000000000000000000000000
000000000000011000000000000000000000110000000000000
000000000000100101110000000000011101001000000000000
000000000000011000000000000000000000110000000000000
000000000000000000000000000000000000000000000000000
000000000000000000000000000000000000000000000000000
000000000000000000000001000100000000000000000000000
000000000000000000000001000100000000000000000000000
000000000000000000000001000100000000000000000000000
000000000000000000000000000000000000000000000000000
000000000000000000000001000100000000000000000000000
000000000000000000000010101010000000000000000000000
000000000000000000000010101010000000000000000000000
000000000000000000000001000100000000000000000000000
000000000000000000000000000000000000000000000000000
000000000000000000000000000000000000000000000000000
000000000000000000000000000000000000000000000000000
000000000000000000000000000000000000000000000000000
000000000000000000000000000000000000000000000000000
000000000000000000000000000000000000000000000000000
000000000000000000000000000000000000000000000000000
000000000000000000000000000000000000000000000000000
000000000000000000000000000000000000000000000000000
000000000000000000000000000000000000000000000000000
000000000000000000000000000000000000000000000000000
000000000000000000000000000000000000000000000000000
