000000000000000000000000000000000000000000000000000
000000000000000000000000000000000000000000000000000
000000000000000000000000000000000000000000000000000
000000000000000000000000000000000000000000000000000
000000000000000000000000000000000000000000000000000
000000000000000000000000000000000000000000000000000
000000000000000000000000000000000000000000000000000
000000000000000000000000000000000000000000000000000
000000000000000000000000000000000000000000000000000
000000000000000000000000000000000000000000000000000
000000000000000000000000000000000000000000000000000
000000000000000000000000000000000000000000000000000
000000000000000000000000000000000000000000000000000
000000000000000000000000000000000000000000000000000
000000000000000000000000000000000000000000000000000
000000000000000000001110000011100000000000000000000
000000000000000000001001000100100000000000000000000
000000000000000000010001000100010000000000000000000
000000000000000000011110000011110000000000000000000
000000000000000001101000000000101100000000000000000
000000000000000110110000000000011011000000000000000
000000000000000100100000010000001001000000000000000
000000000000000100100001000100001001000000000000000
000000000000000011000010000010000110000000000000000
000000000000000000000000000000000000000000000000000
000000000000000000000100000001000000000000000000000
000000000000000000000000000000000000000000000000000
000000000000000011000010000010000110000000000000000
000000000000000100100001000100001001000000000000000
000000000000000100100000010000001001000000000000000
000000000000000110110000000000011011000000000000000
000000000000000001101000000000101100000000000000000
000000000000000000011110000011110000000000000000000
000000000000000000010001000100010000000000000000000
000000000000000000001001000100100000000000000000000
000000000000000000001110000011100000000000000000000
000000000000000000000000000000000000000000000000000
000000000000000000000000000000000000000000000000000
000000000000000000000000000000000000000000000000000
000000000000000000000000000000000000000000000000000
000000000000000000000000000000000000000000000000000
000000000000000000000000000000000000000000000000000
000000000000000000000000000000000000000000000000000
000000000000000000000000000000000000000000000000000
000000000000000000000000000000000000000000000000000
000000000000000000000000000000000000000000000000000
000000000000000000000000000000000000000000000000000
000000000000000000000000000000000000000000000000000
000000000000000000000000000000000000000000000000000
000000000000000000000000000000000000000000000000000
000000000000000000000000000000000000000000000000000
