000000000000000000000000000000000000000000000000000
000000000000000000000000000000000000000000000000000
000000000000000000000000000000000000000000000000000
000000000000000000000000000000000000000000000000000
000000000000000000000000000000000000000000000000000
000000000000000000000000000000000000000000000000000
000000000000000000000000000000000000000000000000000
000000000000000000000000000000000000000000000000000
000000000000000000000000000000000000000000000000000
000000000000000000000000000000000000000000000000000
000000000000000000000000000000000000000000000000000
000000000000000000000000000000000000000000000000000
000000000000000000000000000000000000000000000000000
000000000000000000000000000000000000000000000000000
000000000000000000000000000000000000000000000000000
000000000000000000000000000000000000000000000000000
000000000000000000001110000011100000000000000000000
000000000000000000010010000010010000000000000000000
000000000000000000011010000010110000000000000000000
000000000000000001100000000000001100000000000000000
000000000000000010100000000000001010000000000000000
000000000000000010000000000000000010000000000000000
000000000000000011100000000000001110000000000000000
000000000000000000000001111100000000000000000000000
000000000000000000000001000100000000000000000000000
000000000000000000000001000100000000000000000000000
000000000000000000000001000100000000000000000000000
000000000000000000000001111100000000000000000000000
000000000000000011100000000000001110000000000000000
000000000000000010000000000000000010000000000000000
000000000000000010100000000000001010000000000000000
000000000000000001100000000000001100000000000000000
000000000000000000011010000010110000000000000000000
000000000000000000010010000010010000000000000000000
000000000000000000001110000011100000000000000000000
000000000000000000000000000000000000000000000000000
000000000000000000000000000000000000000000000000000
000000000000000000000000000000000000000000000000000
000000000000000000000000000000000000000000000000000
000000000000000000000000000000000000000000000000000
000000000000000000000000000000000000000000000000000
000000000000000000000000000000000000000000000000000
000000000000000000000000000000000000000000000000000
000000000000000000000000000000000000000000000000000
000000000000000000000000000000000000000000000000000
000000000000000000000000000000000000000000000000000
000000000000000000000000000000000000000000000000000
000000000000000000000000000000000000000000000000000
000000000000000000000000000000000000000000000000000
000000000000000000000000000000000000000000000000000
000000000000000000000000000000000000000000000000000
