000000000000000000000000000000000000000000000000000
000000000000000000000000000000000000000000000000000
000000000000000000000000000000000000000000000000000
000000000000000000000000000000000000000000000000000
000000000000000000000000000000000000000000000000000
000000000000000000000000000000000000000000000000000
000000000000000000000000000000000000000000000000000
000000000000000000000000000000000000000000000000000
000000000000000000000000000000000000000000000000000
000000000000000000000000000000000000000000000000000
000000000000000000000000000000000000000000000000000
000000000000000000000000000000000000000000000000000
000000000000000000000100000001000000000000000000000
000000000000000000001110000011100000000000000000000
000000000000000000001001000100100000000000000000000
000000000000000000100011000110001000000000000000000
000000000000000000001000101000100000000000000000000
000000000000000000111011101110111000000000000000000
000000000000000101000000000000000101000000000000000
000000000000000001000000000000000100000000000000000
000000000000011011000000000000000110110000000000000
000000000000110000000000000000000000011000000000000
000000000000010101000000000000000101010000000000000
000000000000001101000000000000000101100000000000000
000000000000000011000000000000000110000000000000000
000000000000000000000000000000000000000000000000000
000000000000000011000000000000000110000000000000000
000000000000001101000000000000000101100000000000000
000000000000010101000000000000000101010000000000000
000000000000110000000000000000000000011000000000000
000000000000011011000000000000000110110000000000000
000000000000000001000000000000000100000000000000000
000000000000000101000000000000000101000000000000000
000000000000000000111011101110111000000000000000000
000000000000000000001000101000100000000000000000000
000000000000000000100011000110001000000000000000000
000000000000000000001001000100100000000000000000000
000000000000000000001110000011100000000000000000000
000000000000000000000100000001000000000000000000000
000000000000000000000000000000000000000000000000000
000000000000000000000000000000000000000000000000000
000000000000000000000000000000000000000000000000000
000000000000000000000000000000000000000000000000000
000000000000000000000000000000000000000000000000000
000000000000000000000000000000000000000000000000000
000000000000000000000000000000000000000000000000000
000000000000000000000000000000000000000000000000000
000000000000000000000000000000000000000000000000000
000000000000000000000000000000000000000000000000000
000000000000000000000000000000000000000000000000000
000000000000000000000000000000000000000000000000000
