000000000000000000000000000000000000000000000000000
000000000000000000000000000000000000000000000000000
000000000000000000000000000000000000000000000000000
000000000000000000000000000000000000000000000000000
000000000000000000000000000000000000000000000000000
000000000000000000000000000000000000000000000000000
000000000000000000000000000000000000000000000000000
000000000000000000000000000000000000000000000000000
000000000000000000000000000000000000000000000000000
000000000000000000000000000000000000000000000000000
000000000000000000000000000000000000000000000000000
000000000000000000000100000001000000000000000000000
000000000000000000000011000110000000000000000000000
000000000000000000000111000111000000000000000000000
000000000000000000000100101001000000000000000000000
000000000000000000110001000100011000000000000000000
000000000000000000000000101000000000000000000000000
000000000000000000000100101001000000000000000000000
000000000000000100000100101001000001000000000000000
000000000000000100000001000100000001000000000000000
000000000000000000000000000000000000000000000000000
000000000001011001100000000000001100110100000000000
000000000000110000000000000000000000011000000000000
000000000000110100010000000000010001011000000000000
000000000000001011100000000000001110100000000000000
000000000000000000000000000000000000000000000000000
000000000000001011100000000000001110100000000000000
000000000000110100010000000000010001011000000000000
000000000000110000000000000000000000011000000000000
000000000001011001100000000000001100110100000000000
000000000000000000000000000000000000000000000000000
000000000000000100000001000100000001000000000000000
000000000000000100000100101001000001000000000000000
000000000000000000000100101001000000000000000000000
000000000000000000000000101000000000000000000000000
000000000000000000110001000100011000000000000000000
000000000000000000000100101001000000000000000000000
000000000000000000000111000111000000000000000000000
000000000000000000000011000110000000000000000000000
000000000000000000000100000001000000000000000000000
000000000000000000000000000000000000000000000000000
000000000000000000000000000000000000000000000000000
000000000000000000000000000000000000000000000000000
000000000000000000000000000000000000000000000000000
000000000000000000000000000000000000000000000000000
000000000000000000000000000000000000000000000000000
000000000000000000000000000000000000000000000000000
000000000000000000000000000000000000000000000000000
000000000000000000000000000000000000000000000000000
000000000000000000000000000000000000000000000000000
000000000000000000000000000000000000000000000000000
