000000000000000000000000000000000000000000000000000
000000000000000000000000000000000000000000000000000
000000000000000000000000000000000000000000000000000
000000000000000000000000000000000000000000000000000
000000000000000000000000000000000000000000000000000
000000000000000000000000000000000000000000000000000
000000000000000000000000000000000000000000000000000
000000000000000000000000000000000000000000000000000
000000000000000000000000000000000000000000000000000
000000000000000000000000000000000000000000000000000
000000000000000000000000000000000000000000000000000
000000000000000000000000000000000000000000000000000
000000000000000000000011000110000000000000000000000
000000000000000000001111101111100000000000000000000
000000000000000000001110101011100000000000000000000
000000000000000000000010000010000000000000000000000
000000000000000000000010000010000000000000000000000
000000000000000000000000000000000000000000000000000
000000000000000000000010101010000000000000000000000
000000000000000000000001000100000000000000000000000
000000000000011000000000000000000000110000000000000
000000000000011000000000000000000000110000000000000
000000000000111110100000000000001011111000000000000
000000000000110000010000000000010000011000000000000
000000000000011000100000000000001000110000000000000
000000000000000000000000000000000000000000000000000
000000000000011000100000000000001000110000000000000
000000000000110000010000000000010000011000000000000
000000000000111110100000000000001011111000000000000
000000000000011000000000000000000000110000000000000
000000000000011000000000000000000000110000000000000
000000000000000000000001000100000000000000000000000
000000000000000000000010101010000000000000000000000
000000000000000000000000000000000000000000000000000
000000000000000000000010000010000000000000000000000
000000000000000000000010000010000000000000000000000
000000000000000000001110101011100000000000000000000
000000000000000000001111101111100000000000000000000
000000000000000000000011000110000000000000000000000
000000000000000000000000000000000000000000000000000
000000000000000000000000000000000000000000000000000
000000000000000000000000000000000000000000000000000
000000000000000000000000000000000000000000000000000
000000000000000000000000000000000000000000000000000
000000000000000000000000000000000000000000000000000
000000000000000000000000000000000000000000000000000
000000000000000000000000000000000000000000000000000
000000000000000000000000000000000000000000000000000
000000000000000000000000000000000000000000000000000
000000000000000000000000000000000000000000000000000
000000000000000000000000000000000000000000000000000
