000000000000000000000000000000000000000000000000000
000000000000000000000000000000000000000000000000000
000000000000000000000000000000000000000000000000000
000000000000000000000000000000000000000000000000000
000000000000000000000000000000000000000000000000000
000000000000000000000000000000000000000000000000000
000000000000000000000000000000000000000000000000000
000000000000000000000000000000000000000000000000000
000000000000000000000000000000000000000000000000000
000000000000000000000000000000000000000000000000000
000000000000000000000000000000000000000000000000000
000000000000000000000010000010000000000000000000000
000000000000000000000001000100000000000000000000000
000000000000000000000100101001000000000000000000000
000000000000000000001100101001100000000000000000000
000000000000000000000001101100000000000000000000000
000000000000000000000001101100000000000000000000000
000000000000000000000001101100000000000000000000000
000000000000000000000011101110000000000000000000000
000000000000000000000000000000000000000000000000000
000000000000001000000000000000000000100000000000000
000000000000011000000000000000000000110000000000000
000000000001000000100000000000001000000100000000000
000000000000100111100000000000001111001000000000000
000000000000011111100000000000001111110000000000000
000000000000000000000000000000000000000000000000000
000000000000011111100000000000001111110000000000000
000000000000100111100000000000001111001000000000000
000000000001000000100000000000001000000100000000000
000000000000011000000000000000000000110000000000000
000000000000001000000000000000000000100000000000000
000000000000000000000000000000000000000000000000000
000000000000000000000011101110000000000000000000000
000000000000000000000001101100000000000000000000000
000000000000000000000001101100000000000000000000000
000000000000000000000001101100000000000000000000000
000000000000000000001100101001100000000000000000000
000000000000000000000100101001000000000000000000000
000000000000000000000001000100000000000000000000000
000000000000000000000010000010000000000000000000000
000000000000000000000000000000000000000000000000000
000000000000000000000000000000000000000000000000000
000000000000000000000000000000000000000000000000000
000000000000000000000000000000000000000000000000000
000000000000000000000000000000000000000000000000000
000000000000000000000000000000000000000000000000000
000000000000000000000000000000000000000000000000000
000000000000000000000000000000000000000000000000000
000000000000000000000000000000000000000000000000000
000000000000000000000000000000000000000000000000000
000000000000000000000000000000000000000000000000000
