000000000000000000000000000000000000000000000000000
000000000000000000000000000000000000000000000000000
000000000000000000000000000000000000000000000000000
000000000000000000000000000000000000000000000000000
000000000000000000000000000000000000000000000000000
000000000000000000000000000000000000000000000000000
000000000000000000000000000000000000000000000000000
000000000000000000000000000000000000000000000000000
000000000000000000000000000000000000000000000000000
000000000000000000000000000000000000000000000000000
000000000000000000000000000000000000000000000000000
000000000000000000000000000000000000000000000000000
000000000000000000000000000000000000000000000000000
000000000000000000000000000000000000000000000000000
000000000000000000000000000000000000000000000000000
000000000000000000000000000000000000000000000000000
000000000000000000000000000000000000000000000000000
000000000000000000000100000001000000000000000000000
000000000000000000001010000010100000000000000000000
000000000000000000010010000010010000000000000000000
000000000000000000101110000011101000000000000000000
000000000000000001001001010100100100000000000000000
000000000000000000111000000000111000000000000000000
000000000000000000000100000001000000000000000000000
000000000000000000000000000000000000000000000000000
000000000000000000000100000001000000000000000000000
000000000000000000000000000000000000000000000000000
000000000000000000000100000001000000000000000000000
000000000000000000111000000000111000000000000000000
000000000000000001001001010100100100000000000000000
000000000000000000101110000011101000000000000000000
000000000000000000010010000010010000000000000000000
000000000000000000001010000010100000000000000000000
000000000000000000000100000001000000000000000000000
000000000000000000000000000000000000000000000000000
000000000000000000000000000000000000000000000000000
000000000000000000000000000000000000000000000000000
000000000000000000000000000000000000000000000000000
000000000000000000000000000000000000000000000000000
000000000000000000000000000000000000000000000000000
000000000000000000000000000000000000000000000000000
000000000000000000000000000000000000000000000000000
000000000000000000000000000000000000000000000000000
000000000000000000000000000000000000000000000000000
000000000000000000000000000000000000000000000000000
000000000000000000000000000000000000000000000000000
000000000000000000000000000000000000000000000000000
000000000000000000000000000000000000000000000000000
000000000000000000000000000000000000000000000000000
000000000000000000000000000000000000000000000000000
000000000000000000000000000000000000000000000000000
