000000000000000000000000000000000000000000000000000
000000000000000000000000000000000000000000000000000
000000000000000000000000000000000000000000000000000
000000000000000000000000000000000000000000000000000
000000000000000000000000000000000000000000000000000
000000000000000000000000000000000000000000000000000
000000000000000000000000000000000000000000000000000
000000000000000000000000000000000000000000000000000
000000000000000000000000000000000000000000000000000
000000000000000000000000000000000000000000000000000
000000000000000000000000000000000000000000000000000
000000000000000000000000000000000000000000000000000
000000000000000000000000000000000000000000000000000
000000000000000000000100000001000000000000000000000
000000000000000000001110000011100000000000000000000
000000000000000000010011000110010000000000000000000
000000000000000000110001000100011000000000000000000
000000000000000000001001000100100000000000000000000
000000000000000010000010000010000010000000000000000
000000000000000110000000000000000011000000000000000
000000000000001001000000000000000100100000000000000
000000000000011000000000000000000000110000000000000
000000000000001100100000000000001001100000000000000
000000000000000111000000000000000111000000000000000
000000000000000000000000000000000000000000000000000
000000000000000000000000000000000000000000000000000
000000000000000000000000000000000000000000000000000
000000000000000111000000000000000111000000000000000
000000000000001100100000000000001001100000000000000
000000000000011000000000000000000000110000000000000
000000000000001001000000000000000100100000000000000
000000000000000110000000000000000011000000000000000
000000000000000010000010000010000010000000000000000
000000000000000000001001000100100000000000000000000
000000000000000000110001000100011000000000000000000
000000000000000000010011000110010000000000000000000
000000000000000000001110000011100000000000000000000
000000000000000000000100000001000000000000000000000
000000000000000000000000000000000000000000000000000
000000000000000000000000000000000000000000000000000
000000000000000000000000000000000000000000000000000
000000000000000000000000000000000000000000000000000
000000000000000000000000000000000000000000000000000
000000000000000000000000000000000000000000000000000
000000000000000000000000000000000000000000000000000
000000000000000000000000000000000000000000000000000
000000000000000000000000000000000000000000000000000
000000000000000000000000000000000000000000000000000
000000000000000000000000000000000000000000000000000
000000000000000000000000000000000000000000000000000
000000000000000000000000000000000000000000000000000
