000000000000000000000000000000000000000000000000000
000000000000000000000000000000000000000000000000000
000000000000000000000000000000000000000000000000000
000000000000000000000000000000000000000000000000000
000000000000000000000000000000000000000000000000000
000000000000000000000000000000000000000000000000000
000000000000000000000000000000000000000000000000000
000000000000000000000000000000000000000000000000000
000000000000000000000000000000000000000000000000000
000000000000000000000000000000000000000000000000000
000000000000000000000000000000000000000000000000000
000000000000000000000000000000000000000000000000000
000000000000000000000000000000000000000000000000000
000000000000000000001110000011100000000000000000000
000000000000000000001001000100100000000000000000000
000000000000000000110001000100011000000000000000000
000000000000000000111001101100111000000000000000000
000000000000000000010011000110010000000000000000000
000000000000000110000000000000000011000000000000000
000000000000000111000000000000000111000000000000000
000000000000011010000000000000000010110000000000000
000000000000010000000000000000000000010000000000000
000000000000010001000000000000000100010000000000000
000000000000001111000000000000000111100000000000000
000000000000000010000000000000000010000000000000000
000000000000000000000000000000000000000000000000000
000000000000000010000000000000000010000000000000000
000000000000001111000000000000000111100000000000000
000000000000010001000000000000000100010000000000000
000000000000010000000000000000000000010000000000000
000000000000011010000000000000000010110000000000000
000000000000000111000000000000000111000000000000000
000000000000000110000000000000000011000000000000000
000000000000000000010011000110010000000000000000000
000000000000000000111001101100111000000000000000000
000000000000000000110001000100011000000000000000000
000000000000000000001001000100100000000000000000000
000000000000000000001110000011100000000000000000000
000000000000000000000000000000000000000000000000000
000000000000000000000000000000000000000000000000000
000000000000000000000000000000000000000000000000000
000000000000000000000000000000000000000000000000000
000000000000000000000000000000000000000000000000000
000000000000000000000000000000000000000000000000000
000000000000000000000000000000000000000000000000000
000000000000000000000000000000000000000000000000000
000000000000000000000000000000000000000000000000000
000000000000000000000000000000000000000000000000000
000000000000000000000000000000000000000000000000000
000000000000000000000000000000000000000000000000000
000000000000000000000000000000000000000000000000000
